Clonorchis_sinensis_MT607652	0.0000000	1.2586576	1.2919337	0.6848965	1.3893619	1.4519248	1.1354449	2.0418039	1.2856440	1.0920955	1.3382466	1.2871862	1.0541976	1.2131864	1.9261903	1.1658977	1.2923688	1.3155994	
Echinococcus_multilocularis_AB018440	1.2586576	0.0000000	1.2237088	1.0174819	1.6572573	1.4671067	0.4803870	1.7314975	1.0651740	1.2166644	1.3079704	1.1250866	0.6975805	1.4495160	2.0058188	1.5741775	0.3590454	1.1921424	
Eudiplozoon_nipponicum_MW704020	1.2919337	1.2237088	0.0000000	1.1048586	1.1361574	0.7756934	1.3448282	1.4096892	0.5602097	1.1213145	0.4020004	0.9912389	1.1931881	1.3680063	1.6461502	1.4301004	1.2471266	1.2580727	
Fasciola_hepatica_AF216697	0.6848965	1.0174819	1.1048586	0.0000000	1.3914307	1.1900346	0.9992641	1.6980592	1.0927699	1.0557423	1.2412764	1.0782643	1.0364294	1.2135183	1.8096270	1.3865765	1.0668306	1.0624794	
Gyrodactylus_salaris_NC_008815	1.3893619	1.6572573	1.1361574	1.3914307	0.0000000	1.5783786	1.5261947	1.7905613	1.3889137	0.9484173	1.4658516	0.9788200	1.4927248	1.4949803	2.1300696	1.4693252	1.6657496	1.5846303	
Heterobothrium_okamotoi_MK948930	1.4519248	1.4671067	0.7756934	1.1900346	1.5783786	0.0000000	1.4374821	1.8065062	0.5678792	1.1346176	1.0331511	1.1398176	1.3699823	1.3944634	2.1108141	1.5932718	1.5260190	1.4358558	
Hymenolepis_microstoma_LC102493	1.1354449	0.4803870	1.3448282	0.9992641	1.5261947	1.4374821	0.0000000	1.8647937	1.1195472	1.0625308	1.4180811	0.9171173	0.5750784	1.3166452	2.1605030	1.4361345	0.4643258	1.3170595	
Macrostomum_lignano_NC_035255	2.0418039	1.7314975	1.4096892	1.6980592	1.7905613	1.8065062	1.8647937	0.0000000	1.4005990	1.2818604	1.8279864	1.1755069	1.7429728	1.4907594	1.5017756	1.9838970	1.6912747	1.6051705	
Microcotyle_sebastis_DQ412044	1.2856440	1.0651740	0.5602097	1.0927699	1.3889137	0.5678792	1.1195472	1.4005990	0.0000000	0.9840447	0.7143593	0.7772894	0.9491569	1.2336690	1.6770336	1.3611827	1.1898776	1.4033745	
Neobenedenia_melleni_JQ038228	1.0920955	1.2166644	1.1213145	1.0557423	0.9484173	1.1346176	1.0625308	1.2818604	0.9840447	0.0000000	1.2539705	0.6004714	0.9642154	1.1597451	1.7911074	0.8809017	1.1222026	1.2288989	
Paradiplozoon_opsariichthydis_MG458327	1.3382466	1.3079704	0.4020004	1.2412764	1.4658516	1.0331511	1.4180811	1.8279864	0.7143593	1.2539705	0.0000000	1.4188582	1.2620806	1.7338394	1.8787632	1.8421930	1.1575939	1.5520787	
Rhabdosynochus_viridisi_MW565922	1.2871862	1.1250866	0.9912389	1.0782643	0.9788200	1.1398176	0.9171173	1.1755069	0.7772894	0.6004714	1.4188582	0.0000000	0.9671062	1.0037151	1.8946338	0.7891895	1.0333689	1.2112210	
Schistocephalus_solidus_AP017669	1.0541976	0.6975805	1.1931881	1.0364294	1.4927248	1.3699823	0.5750784	1.7429728	0.9491569	0.9642154	1.2620806	0.9671062	0.0000000	1.2120971	2.1174212	1.2950443	0.6235484	1.2132805	
Schistosoma_mansoni_AF216698	1.2131864	1.4495160	1.3680063	1.2135183	1.4949803	1.3944634	1.3166452	1.4907594	1.2336690	1.1597451	1.7338394	1.0037151	1.2120971	0.0000000	2.1276938	1.2649214	1.4022758	0.7443509	
Schmidtea_mediterranea_JX398125	1.9261903	2.0058188	1.6461502	1.8096270	2.1300696	2.1108141	2.1605030	1.5017756	1.6770336	1.7911074	1.8787632	1.8946338	2.1174212	2.1276938	0.0000000	2.5112330	1.8889132	2.0675759	
Scutogyrus_longicornis_NC_056186	1.1658977	1.5741775	1.4301004	1.3865765	1.4693252	1.5932718	1.4361345	1.9838970	1.3611827	0.8809017	1.8421930	0.7891895	1.2950443	1.2649214	2.5112330	0.0000000	1.3833058	1.3093643	
Taenia_asiatica_AP017670	1.2923688	0.3590454	1.2471266	1.0668306	1.6657496	1.5260190	0.4643258	1.6912747	1.1898776	1.1222026	1.1575939	1.0333689	0.6235484	1.4022758	1.8889132	1.3833058	0.0000000	1.3282318	
Trichobilharzia_regenti_NC_009680	1.3155994	1.1921424	1.2580727	1.0624794	1.5846303	1.4358558	1.3170595	1.6051705	1.4033745	1.2288989	1.5520787	1.2112210	1.2132805	0.7443509	2.0675759	1.3093643	1.3282318	0.0000000	
