Heterobothrium_okamotoi_MK948930	0	0.3197876	0.3046045	0.0557045	0.0387513	0.2791424	0.1049033	0.1250232	0.1970418	0.0945202	0.0996798	0.2035504	0.0981354	0.242021	0.1470639	0.1464741	0.2089016	0
Schmidtea_mediterranea_JX398125	0.3197876	0	1.331192	0.342166	0.3340723	0.4324333	0.2938737	0.3290798	0.2786338	0.2511053	0.3291741	0.3696689	0.2817898	0.3957348	0.3852225	0.4092672	0.3964514	0
Taenia_asiatica_AP017670	0.3046045	1.331192	0	0.4314171	0.3916346	0.6436742	0.3785678	0.3774968	0.6135705	0.3734662	0.2236843	0.6025403	0.3184754	0.6726431	0.1957919	0.1734174	0.5138314	0
Eudiplozoon_nipponicum_MW704020	0.0557045	0.342166	0.4314171	0	0.0540027	0.2861211	0.1237512	0.1392316	0.2037916	0.1120976	0.1218662	0.2238907	0.1377016	0.2659649	0.1991403	0.1813552	0.2405719	0
Microcotyle_sebastis_DQ412044	0.0387513	0.3340723	0.3916346	0.0540027	0	0.2503811	0.1120236	0.143186	0.2003422	0.101505	0.1060532	0.2073833	0.1287863	0.2525859	0.1848059	0.1525699	0.2067071	0
Neobenedenia_melleni_JQ038228	0.2791424	0.4324333	0.6436742	0.2861211	0.2503811	0	0.2658594	0.3119323	0.3349281	0.2394131	0.2419978	0.2543193	0.2940503	0.1898624	0.329435	0.2617203	0.2597839	0
Schistosoma_mansoni_AF216698	0.1049033	0.2938737	0.3785678	0.1237512	0.1120236	0.2658594	0	0.086667	0.196622	0.0271216	0.1075455	0.2125665	0.0610662	0.2743593	0.1880584	0.1591291	0.2247735	0
Fasciola_hepatica_AF216697	0.1250232	0.3290798	0.3774968	0.1392316	0.143186	0.3119323	0.086667	0	0.2047979	0.0699833	0.1060982	0.2498346	0.0346317	0.3050941	0.1733343	0.1534988	0.2284586	0
Macrostomum_lignano_NC_035255	0.1970418	0.2786338	0.6135705	0.2037916	0.2003422	0.3349281	0.196622	0.2047979	0	0.1833042	0.1725757	0.2515041	0.1898956	0.3520293	0.2781265	0.2538763	0.3174599	0
Trichobilharzia_regenti_NC_009680	0.0945202	0.2511053	0.3734662	0.1120976	0.101505	0.2394131	0.0271216	0.0699833	0.1833042	0	0.0929601	0.188595	0.045681	0.244765	0.1692692	0.1469982	0.1983217	0
Schistocephalus_solidus_AP017669	0.0996798	0.3291741	0.2236843	0.1218662	0.1060532	0.2419978	0.1075455	0.1060982	0.1725757	0.0929601	0	0.1928701	0.0970783	0.2469798	0.113157	0.0760216	0.2034809	0
Scutogyrus_longicornis_NC_056186	0.2035504	0.3696689	0.6025403	0.2238907	0.2073833	0.2543193	0.2125665	0.2498346	0.2515041	0.188595	0.1928701	0	0.2435009	0.271029	0.2404861	0.1955098	0.1429787	0
Clonorchis_sinensis_MT607652	0.0981354	0.2817898	0.3184754	0.1377016	0.1287863	0.2940503	0.0610662	0.0346317	0.1898956	0.045681	0.0970783	0.2435009	0	0.2735261	0.1419775	0.1414321	0.1989993	0
Gyrodactylus_salaris_NC_008815	0.242021	0.3957348	0.6726431	0.2659649	0.2525859	0.1898624	0.2743593	0.3050941	0.3520293	0.244765	0.2469798	0.271029	0.2735261	0	0.3203302	0.2944674	0.2853384	0
Echinococcus_multilocularis_AB018440	0.1470639	0.3852225	0.1957919	0.1991403	0.1848059	0.329435	0.1880584	0.1733343	0.2781265	0.1692692	0.113157	0.2404861	0.1419775	0.3203302	0	0.1037046	0.2517949	0
Hymenolepis_microstoma_LC102493	0.1464741	0.4092672	0.1734174	0.1813552	0.1525699	0.2617203	0.1591291	0.1534988	0.2538763	0.1469982	0.0760216	0.1955098	0.1414321	0.2944674	0.1037046	0	0.1970518	0
Rhabdosynochus_viridisi_MW565922	0.2089016	0.3964514	0.5138314	0.2405719	0.2067071	0.2597839	0.2247735	0.2284586	0.3174599	0.1983217	0.2034809	0.1429787	0.1989993	0.2853384	0.2517949	0.1970518	0	0
Paradiplozoon_opsariichthydis_MG458327	0	0	0	0	0	0	0	0	0	0	0	0	0	0	0	0	0	0
