Clonorchis_sinensis_MT607652	0.0000000	1.2985558	7.1928687	0.7076470	2.0081551	7.8779504	1.6656296	6.3335127	6.8516469	1.0358359	8.9999985	1.3992763	1.6245834	2.5155883	7.1405488	1.0011092	1.6341280	1.0515593	
Echinococcus_multilocularis_AB018440	1.2985558	0.0000000	7.7086010	1.2576464	1.5475043	7.8288545	0.7322620	7.9299043	7.1855602	1.3872457	8.2232083	1.7506886	0.7506204	2.4863099	6.6020951	1.6888329	0.5319250	1.3920653	
Eudiplozoon_nipponicum_MW704020	7.1928687	7.7086010	0.0000000	5.8036970	6.8193045	0.8440212	6.7786498	8.9632457	0.8147236	6.3664784	4.9796758	7.1258084	6.0485074	7.2226720	6.3189956	7.4583612	6.1536569	8.2837295	
Fasciola_hepatica_AF216697	0.7076470	1.2576464	5.8036970	0.0000000	1.7426054	6.2443190	1.4314884	7.1901023	5.9543916	0.8204021	8.8667822	1.2120179	1.1673578	1.9101560	6.0686853	0.9329670	1.3456460	0.9883121	
Gyrodactylus_salaris_NC_008815	2.0081551	1.5475043	6.8193045	1.7426054	0.0000000	5.5919428	1.3946676	8.9999986	5.7410118	1.5306054	8.9999988	1.5480243	1.4622858	2.3994480	8.9999990	1.6150074	1.3771141	1.7751017	
Heterobothrium_okamotoi_MK948930	7.8779504	7.8288545	0.8440212	6.2443190	5.5919428	0.0000000	6.7992284	8.0218325	0.1630321	6.3964006	6.2971442	7.3180156	8.0115028	7.0823382	7.1955305	7.6561176	7.1270549	7.7875282	
Hymenolepis_microstoma_LC102493	1.6656296	0.7322620	6.7786498	1.4314884	1.3946676	6.7992284	0.0000000	8.1729011	6.3252088	1.4192284	8.9999990	1.7787273	0.7590935	2.5270778	7.6906418	1.5612113	0.4759856	1.5338594	
Macrostomum_lignano_NC_035255	6.3335127	7.9299043	8.9632457	7.1901023	8.9999986	8.0218325	8.1729011	0.0000000	8.3299657	7.9343365	8.9999986	8.9999982	8.9999984	8.7659308	2.7198816	6.7148239	8.8104858	6.8664447	
Microcotyle_sebastis_DQ412044	6.8516469	7.1855602	0.8147236	5.9543916	5.7410118	0.1630321	6.3252088	8.3299657	0.0000000	5.8366706	6.3533545	6.5072927	7.4156415	6.7868906	7.8083433	6.9888829	6.6037133	6.9077733	
Neobenedenia_melleni_JQ038228	1.0358359	1.3872457	6.3664784	0.8204021	1.5306054	6.3964006	1.4192284	7.9343365	5.8366706	0.0000000	8.3463265	0.9868230	1.3874844	1.9139250	7.3174487	0.8351500	1.3957890	1.3231841	
Paradiplozoon_opsariichthydis_MG458327	8.9999985	8.2232083	4.9796758	8.8667822	8.9999988	6.2971442	8.9999990	8.9999986	6.3533545	8.3463265	0.0000000	8.9999980	8.1080150	8.9999987	8.9999984	8.3099770	8.9999990	8.8324377	
Rhabdosynochus_viridisi_MW565922	1.3992763	1.7506886	7.1258084	1.2120179	1.5480243	7.3180156	1.7787273	8.9999982	6.5072927	0.9868230	8.9999980	0.0000000	1.6992610	2.4257096	8.9999990	0.8525006	1.5304880	1.6510272	
Schistocephalus_solidus_AP017669	1.6245834	0.7506204	6.0485074	1.1673578	1.4622858	8.0115028	0.7590935	8.9999984	7.4156415	1.3874844	8.1080150	1.6992610	0.0000000	2.0265514	8.2054679	1.4251933	0.6316836	1.5794381	
Schistosoma_mansoni_AF216698	2.5155883	2.4863099	7.2226720	1.9101560	2.3994480	7.0823382	2.5270778	8.7659308	6.7868906	1.9139250	8.9999987	2.4257096	2.0265514	0.0000000	8.9999990	2.3774831	2.3985928	1.5120227	
Schmidtea_mediterranea_JX398125	7.1405488	6.6020951	6.3189956	6.0686853	8.9999990	7.1955305	7.6906418	2.7198816	7.8083433	7.3174487	8.9999984	8.9999990	8.2054679	8.9999990	0.0000000	8.9999983	7.0515703	7.2117347	
Scutogyrus_longicornis_NC_056186	1.0011092	1.6888329	7.4583612	0.9329670	1.6150074	7.6561176	1.5612113	6.7148239	6.9888829	0.8351500	8.3099770	0.8525006	1.4251933	2.3774831	8.9999983	0.0000000	1.4290580	1.4901531	
Taenia_asiatica_AP017670	1.6341280	0.5319250	6.1536569	1.3456460	1.3771141	7.1270549	0.4759856	8.8104858	6.6037133	1.3957890	8.9999990	1.5304880	0.6316836	2.3985928	7.0515703	1.4290580	0.0000000	1.4693614	
Trichobilharzia_regenti_NC_009680	1.0515593	1.3920653	8.2837295	0.9883121	1.7751017	7.7875282	1.5338594	6.8664447	6.9077733	1.3231841	8.8324377	1.6510272	1.5794381	1.5120227	7.2117347	1.4901531	1.4693614	0.0000000	
