Rhabdosynochus_viridisi_MW565922	0.0000000	1.1698735	1.0540519	0.9313914	1.2283538	1.8160037	1.3244072	1.4108274	1.5373208	1.2585742	1.3960814	3.8287589	2.9688836	4.6080635	2.7368647	2.7837038	3.3761671	1.7155487	
Fasciola_hepatica_AF216697	1.1698735	0.0000000	1.2958782	1.1638308	1.4411850	2.1176090	1.0235242	0.8462856	1.2736664	1.2230693	1.3092306	3.0647296	2.8358980	4.2009857	3.4856113	3.4726704	3.1972810	1.5818689	
Neobenedenia_melleni_JQ038228	1.0540519	1.2958782	0.0000000	0.9937521	1.7065593	1.6353053	1.4921439	1.4265816	1.6964312	1.3676077	1.7297668	3.1671175	3.7061644	4.9574228	2.8308592	3.0045898	4.2832717	1.5186997	
Scutogyrus_longicornis_NC_056186	0.9313914	1.1638308	0.9937521	0.0000000	1.6350228	1.7827762	1.2366054	1.0313617	1.4061148	1.2428986	1.6903065	4.8631082	2.7182634	3.5702654	3.3533845	3.4465886	4.3515488	1.9164504	
Hymenolepis_microstoma_LC102493	1.2283538	1.4411850	1.7065593	1.6350228	0.0000000	1.7356712	1.4126987	1.7042443	0.7593545	0.6437885	0.9245314	4.2161826	2.8017719	3.3023247	4.1971497	3.4008516	2.8507554	1.8856484	
Gyrodactylus_salaris_NC_008815	1.8160037	2.1176090	1.6353053	1.7827762	1.7356712	0.0000000	2.4221042	1.7753202	2.1670735	1.9459654	1.9121383	5.5674775	5.2617487	5.2363365	2.6263824	2.8629839	3.6307620	2.2390021	
Trichobilharzia_regenti_NC_009680	1.3244072	1.0235242	1.4921439	1.2366054	1.4126987	2.4221042	0.0000000	1.2130890	1.3270906	1.3365888	1.7630241	4.1026706	2.1655220	5.9301604	2.9800988	3.2945069	2.7411107	0.9972384	
Clonorchis_sinensis_MT607652	1.4108274	0.8462856	1.4265816	1.0313617	1.7042443	1.7753202	1.2130890	0.0000000	1.2804007	1.5534965	1.6113140	3.3364315	2.6916072	3.5104103	3.8986094	3.5236629	3.0425466	1.7991367	
Echinococcus_multilocularis_AB018440	1.5373208	1.2736664	1.6964312	1.4061148	0.7593545	2.1670735	1.3270906	1.2804007	0.0000000	0.5806753	0.9635414	3.6041315	3.0101200	3.4931517	3.3614749	3.7635993	3.5989128	1.7103966	
Taenia_asiatica_AP017670	1.2585742	1.2230693	1.3676077	1.2428986	0.6437885	1.9459654	1.3365888	1.5534965	0.5806753	0.0000000	0.9296014	3.4404932	2.8509440	3.9286332	3.0172296	3.1201776	3.2394838	2.0248120	
Schistocephalus_solidus_AP017669	1.3960814	1.3092306	1.7297668	1.6903065	0.9245314	1.9121383	1.7630241	1.6113140	0.9635414	0.9296014	0.0000000	3.8596334	3.7839628	3.5513711	3.5300687	3.1898358	2.6807728	1.6624121	
Schmidtea_mediterranea_JX398125	3.8287589	3.0647296	3.1671175	4.8631082	4.2161826	5.5674775	4.1026706	3.3364315	3.6041315	3.4404932	3.8596334	0.0000000	2.7065543	4.1925173	4.7034141	4.1843956	2.7556584	5.2749031	
Macrostomum_lignano_NC_035255	2.9688836	2.8358980	3.7061644	2.7182634	2.8017719	5.2617487	2.1655220	2.6916072	3.0101200	2.8509440	3.7839628	2.7065543	0.0000000	5.6610523	3.7793734	4.0453615	3.3411210	3.4698979	
Paradiplozoon_opsariichthydis_MG458327	4.6080635	4.2009857	4.9574228	3.5702654	3.3023247	5.2363365	5.9301604	3.5104103	3.4931517	3.9286332	3.5513711	4.1925173	5.6610523	0.0000000	3.8209735	4.4070217	2.7202736	5.2023226	
Heterobothrium_okamotoi_MK948930	2.7368647	3.4856113	2.8308592	3.3533845	4.1971497	2.6263824	2.9800988	3.8986094	3.3614749	3.0172296	3.5300687	4.7034141	3.7793734	3.8209735	0.0000000	0.3829649	0.8808717	2.9450439	
Microcotyle_sebastis_DQ412044	2.7837038	3.4726704	3.0045898	3.4465886	3.4008516	2.8629839	3.2945069	3.5236629	3.7635993	3.1201776	3.1898358	4.1843956	4.0453615	4.4070217	0.3829649	0.0000000	0.8035228	3.2781590	
Eudiplozoon_nipponicum_MW704020	3.3761671	3.1972810	4.2832717	4.3515488	2.8507554	3.6307620	2.7411107	3.0425466	3.5989128	3.2394838	2.6807728	2.7556584	3.3411210	2.7202736	0.8808717	0.8035228	0.0000000	3.1398022	
Schistosoma_mansoni_AF216698	1.7155487	1.5818689	1.5186997	1.9164504	1.8856484	2.2390021	0.9972384	1.7991367	1.7103966	2.0248120	1.6624121	5.2749031	3.4698979	5.2023226	2.9450439	3.2781590	3.1398022	0.0000000	
