Clonorchis_sinensis_MT607652	0.0000000	1.0065212	1.6929079	0.7040827	1.1419507	1.7277587	1.1153347	3.1909127	1.5996245	0.9763146	1.6779730	1.0256847	1.0193769	0.9545183	3.1888447	1.0413391	1.0727470	0.8609143	
Echinococcus_multilocularis_AB018440	1.0065212	0.0000000	1.3528651	1.0133661	0.9427147	1.3093461	0.2413846	2.8745222	1.2408250	0.8207841	1.3670181	0.7808769	0.4234067	1.2099622	3.1619810	0.8260958	0.1178265	1.0799372	
Eudiplozoon_nipponicum_MW704020	1.6929079	1.3528651	0.0000000	1.5724724	1.4719856	0.4064494	1.4523417	2.9899992	0.3098950	1.2546188	0.3697887	1.2965406	1.3898216	1.6785931	3.3290463	1.1399678	1.3768777	1.6523841	
Fasciola_hepatica_AF216697	0.7040827	1.0133661	1.5724724	0.0000000	1.0757470	1.5335406	1.0212863	3.2059293	1.4246046	0.8696279	1.5378195	0.8819353	0.8817390	0.8714078	2.8977685	0.9330556	1.0471737	0.7209004	
Gyrodactylus_salaris_NC_008815	1.1419507	0.9427147	1.4719856	1.0757470	0.0000000	1.5232641	1.0308764	2.6178795	1.3711642	0.7396277	1.3482905	0.7902035	1.0152879	1.2845159	2.6256509	0.7909691	1.0194214	1.1363076	
Heterobothrium_okamotoi_MK948930	1.7277587	1.3093461	0.4064494	1.5335406	1.5232641	0.0000000	1.4222316	2.8257238	0.2427705	1.2572891	0.5801968	1.2572653	1.3117977	1.8266705	3.3676773	1.1528059	1.3608309	1.6845548	
Hymenolepis_microstoma_LC102493	1.1153347	0.2413846	1.4523417	1.0212863	1.0308764	1.4222316	0.0000000	3.0411909	1.3918189	0.8077275	1.4132130	0.7619883	0.4204980	1.2390502	3.0233332	0.8601034	0.2511954	1.0907445	
Macrostomum_lignano_NC_035255	3.1909127	2.8745222	2.9899992	3.2059293	2.6178795	2.8257238	3.0411909	0.0000000	2.8122383	2.5250589	3.0093575	2.7564431	2.8110863	3.0350368	1.3863251	2.6059506	3.0265391	2.8176329	
Microcotyle_sebastis_DQ412044	1.5996245	1.2408250	0.3098950	1.4246046	1.3711642	0.2427705	1.3918189	2.8122383	0.0000000	1.1905073	0.5338423	1.2291725	1.2845323	1.5700107	3.2956590	1.1569883	1.3388988	1.4397144	
Neobenedenia_melleni_JQ038228	0.9763146	0.8207841	1.2546188	0.8696279	0.7396277	1.2572891	0.8077275	2.5250589	1.1905073	0.0000000	1.2334442	0.3909388	0.7287726	1.1854305	2.6172984	0.4350507	0.8090221	0.9195331	
Paradiplozoon_opsariichthydis_MG458327	1.6779730	1.3670181	0.3697887	1.5378195	1.3482905	0.5801968	1.4132130	3.0093575	0.5338423	1.2334442	0.0000000	1.2492046	1.2934574	1.7621919	3.2318021	1.1725871	1.3791194	1.6512587	
Rhabdosynochus_viridisi_MW565922	1.0256847	0.7808769	1.2965406	0.8819353	0.7902035	1.2572653	0.7619883	2.7564431	1.2291725	0.3909388	1.2492046	0.0000000	0.7951764	1.1870428	3.0482837	0.4693435	0.7675157	0.9185294	
Schistocephalus_solidus_AP017669	1.0193769	0.4234067	1.3898216	0.8817390	1.0152879	1.3117977	0.4204980	2.8110863	1.2845323	0.7287726	1.2934574	0.7951764	0.0000000	1.2077651	3.1976227	0.8054813	0.3863847	0.9548858	
Schistosoma_mansoni_AF216698	0.9545183	1.2099622	1.6785931	0.8714078	1.2845159	1.8266705	1.2390502	3.0350368	1.5700107	1.1854305	1.7621919	1.1870428	1.2077651	0.0000000	3.1524183	1.2806268	1.2312220	0.4015044	
Schmidtea_mediterranea_JX398125	3.1888447	3.1619810	3.3290463	2.8977685	2.6256509	3.3676773	3.0233332	1.3863251	3.2956590	2.6172984	3.2318021	3.0482837	3.1976227	3.1524183	0.0000000	2.5853926	3.3591291	2.9284613	
Scutogyrus_longicornis_NC_056186	1.0413391	0.8260958	1.1399678	0.9330556	0.7909691	1.1528059	0.8601034	2.6059506	1.1569883	0.4350507	1.1725871	0.4693435	0.8054813	1.2806268	2.5853926	0.0000000	0.8484260	1.0402477	
Taenia_asiatica_AP017670	1.0727470	0.1178265	1.3768777	1.0471737	1.0194214	1.3608309	0.2511954	3.0265391	1.3388988	0.8090221	1.3791194	0.7675157	0.3863847	1.2312220	3.3591291	0.8484260	0.0000000	1.1532772	
Trichobilharzia_regenti_NC_009680	0.8609143	1.0799372	1.6523841	0.7209004	1.1363076	1.6845548	1.0907445	2.8176329	1.4397144	0.9195331	1.6512587	0.9185294	0.9548858	0.4015044	2.9284613	1.0402477	1.1532772	0.0000000	
