Echinococcus_multilocularis_AB018440	0.0000000	0.2353413	0.3778708	0.5292526	0.7972643	1.4624530	1.1473946	0.9719723	0.8272170	0.9066920	0.9489856	1.1660634	1.1181565	1.9617882	2.3330151	1.2996061	0.6921308	0.7685260	
Taenia_asiatica_AP017670	0.2353413	0.0000000	0.4196906	0.5339651	0.9890229	1.3244815	1.1573611	1.0079653	0.9308365	0.9034118	0.9344120	1.1137253	1.1504438	2.0205817	2.5730954	1.3886443	0.7805438	0.7230144	
Hymenolepis_microstoma_LC102493	0.3778708	0.4196906	0.0000000	0.5546039	0.9052465	1.4527128	1.1267204	1.0711154	0.9687272	0.9891607	0.9567275	1.2185090	1.3106629	2.2676207	2.4183047	1.2582615	0.7182229	0.6979014	
Schistocephalus_solidus_AP017669	0.5292526	0.5339651	0.5546039	0.0000000	0.9293508	1.4828994	1.1321651	1.0687357	0.9270232	1.0875245	0.8933477	1.1864432	1.1607680	2.5428995	2.6196816	1.1999070	0.7163135	0.6987071	
Fasciola_hepatica_AF216697	0.7972643	0.9890229	0.9052465	0.9293508	0.0000000	1.7195019	1.4420283	0.7654856	0.6443459	0.7967295	0.8448064	1.4921098	1.4131785	2.2808252	2.5339236	1.5132812	0.7324096	0.7786560	
Gyrodactylus_salaris_NC_008815	1.4624530	1.3244815	1.4527128	1.4828994	1.7195019	0.0000000	1.6448049	1.4591606	1.3838163	1.5630191	1.2149314	1.7253046	2.1883221	3.5985383	2.7869171	1.6909463	1.2117948	1.0776223	
Microcotyle_sebastis_DQ412044	1.1473946	1.1573611	1.1267204	1.1321651	1.4420283	1.6448049	0.0000000	1.5000417	1.2901792	1.3273617	1.0692045	0.4553624	0.6751405	3.2240329	2.7228541	0.3807113	0.8852458	0.9258580	
Clonorchis_sinensis_MT607652	0.9719723	1.0079653	1.0711154	1.0687357	0.7654856	1.4591606	1.5000417	0.0000000	0.8696910	0.9317932	1.0671200	1.4516390	1.3946360	2.8882662	2.8630821	1.6982176	1.0065911	1.0343907	
Trichobilharzia_regenti_NC_009680	0.8272170	0.9308365	0.9687272	0.9270232	0.6443459	1.3838163	1.2901792	0.8696910	0.0000000	0.5344635	0.9492188	1.3761094	1.5222660	1.9646789	2.1958369	1.5557542	0.8518310	0.7609703	
Schistosoma_mansoni_AF216698	0.9066920	0.9034118	0.9891607	1.0875245	0.7967295	1.5630191	1.3273617	0.9317932	0.5344635	0.0000000	1.1695377	1.4720107	1.6330633	2.2762283	2.2638607	1.7247245	0.8691905	0.8563797	
Scutogyrus_longicornis_NC_056186	0.9489856	0.9344120	0.9567275	0.8933477	0.8448064	1.2149314	1.0692045	1.0671200	0.9492188	1.1695377	0.0000000	1.0706575	1.2173444	2.4120064	2.4862973	1.2406726	0.6180574	0.6547733	
Eudiplozoon_nipponicum_MW704020	1.1660634	1.1137253	1.2185090	1.1864432	1.4921098	1.7253046	0.4553624	1.4516390	1.3761094	1.4720107	1.0706575	0.0000000	0.5072153	2.9159110	3.0325982	0.5714220	1.0595289	1.0313739	
Paradiplozoon_opsariichthydis_MG458327	1.1181565	1.1504438	1.3106629	1.1607680	1.4131785	2.1883221	0.6751405	1.3946360	1.5222660	1.6330633	1.2173444	0.5072153	0.0000000	2.2520722	2.8603004	0.7913018	0.9899564	1.0829917	
Schmidtea_mediterranea_JX398125	1.9617882	2.0205817	2.2676207	2.5428995	2.2808252	3.5985383	3.2240329	2.8882662	1.9646789	2.2762283	2.4120064	2.9159110	2.2520722	0.0000000	1.2185963	3.0615834	2.3461875	1.7967315	
Macrostomum_lignano_NC_035255	2.3330151	2.5730954	2.4183047	2.6196816	2.5339236	2.7869171	2.7228541	2.8630821	2.1958369	2.2638607	2.4862973	3.0325982	2.8603004	1.2185963	0.0000000	2.6805802	2.0443792	2.0558391	
Heterobothrium_okamotoi_MK948930	1.2996061	1.3886443	1.2582615	1.1999070	1.5132812	1.6909463	0.3807113	1.6982176	1.5557542	1.7247245	1.2406726	0.5714220	0.7913018	3.0615834	2.6805802	0.0000000	1.0638744	1.0941077	
Rhabdosynochus_viridisi_MW565922	0.6921308	0.7805438	0.7182229	0.7163135	0.7324096	1.2117948	0.8852458	1.0065911	0.8518310	0.8691905	0.6180574	1.0595289	0.9899564	2.3461875	2.0443792	1.0638744	0.0000000	0.4227262	
Neobenedenia_melleni_JQ038228	0.7685260	0.7230144	0.6979014	0.6987071	0.7786560	1.0776223	0.9258580	1.0343907	0.7609703	0.8563797	0.6547733	1.0313739	1.0829917	1.7967315	2.0558391	1.0941077	0.4227262	0.0000000	
