Schmidtea_mediterranea_JX398125	0.0000000	2.0148803	2.2006214	2.9024209	2.9922172	4.1698847	1.9556458	1.9315391	3.1855435	2.1948654	2.4658603	3.2008412	4.3862455	2.1697770	2.3176092	2.2482635	1.8180005	2.1019180	
Fasciola_hepatica_AF216697	2.0148803	0.0000000	0.9778037	1.1782678	2.5590141	2.0648366	1.3850997	1.2864068	1.5222350	1.3065555	2.1808376	2.1261177	2.1783675	1.4228532	1.1376293	1.2664750	1.1714948	1.1869587	
Clonorchis_sinensis_MT607652	2.2006214	0.9778037	0.0000000	1.1746867	2.4320429	2.8120359	1.3088674	1.5617482	1.7607173	1.3602655	2.2019227	2.2987545	1.8291711	1.7534579	1.3815239	1.6087582	1.7471450	1.3462277	
Trichobilharzia_regenti_NC_009680	2.9024209	1.1782678	1.1746867	0.0000000	3.1620409	1.9239209	1.0564039	1.1394182	1.9143182	0.6888883	1.9378115	1.9604751	2.2136198	1.4198286	1.1631130	1.4508893	1.4575293	1.0798720	
Heterobothrium_okamotoi_MK948930	2.9922172	2.5590141	2.4320429	3.1620409	0.0000000	1.7530016	3.0397439	2.3688107	2.7677696	2.1909032	4.0538150	1.1109732	0.9310603	5.7815041	3.5931231	2.5425931	2.5579183	2.2463407	
Paradiplozoon_opsariichthydis_MG458327	4.1698847	2.0648366	2.8120359	1.9239209	1.7530016	0.0000000	2.0483383	2.0091929	2.9320560	2.5893877	3.2596539	1.1343310	1.5956876	2.8974719	2.8169959	2.2499461	2.3492507	1.7417607	
Neobenedenia_melleni_JQ038228	1.9556458	1.3850997	1.3088674	1.0564039	3.0397439	2.0483383	0.0000000	0.8730421	1.5147630	1.0308213	2.2274738	2.4120626	1.7553879	1.4615164	1.3360518	1.1013244	1.3655242	0.7700343	
Scutogyrus_longicornis_NC_056186	1.9315391	1.2864068	1.5617482	1.1394182	2.3688107	2.0091929	0.8730421	0.0000000	1.4460036	1.4990511	1.9904097	2.0982452	1.9195428	1.5009982	1.3581787	1.5070000	1.3465628	0.6689202	
Gyrodactylus_salaris_NC_008815	3.1855435	1.5222350	1.7607173	1.9143182	2.7677696	2.9320560	1.5147630	1.4460036	0.0000000	2.1047622	2.7864478	3.9654402	3.0649405	1.9618814	1.5106342	1.4458168	1.9343059	1.2921975	
Schistosoma_mansoni_AF216698	2.1948654	1.3065555	1.3602655	0.6888883	2.1909032	2.5893877	1.0308213	1.4990511	2.1047622	0.0000000	2.0358255	2.0456659	1.9040861	1.3750202	1.2140479	1.2859659	1.7869037	1.3564054	
Macrostomum_lignano_NC_035255	2.4658603	2.1808376	2.2019227	1.9378115	4.0538150	3.2596539	2.2274738	1.9904097	2.7864478	2.0358255	0.0000000	2.9375330	2.6749195	2.2395612	2.1588539	2.4783422	1.8596070	2.1737983	
Eudiplozoon_nipponicum_MW704020	3.2008412	2.1261177	2.2987545	1.9604751	1.1109732	1.1343310	2.4120626	2.0982452	3.9654402	2.0456659	2.9375330	0.0000000	1.0690786	2.5937263	2.0052982	2.2857502	2.2690906	1.9398310	
Microcotyle_sebastis_DQ412044	4.3862455	2.1783675	1.8291711	2.2136198	0.9310603	1.5956876	1.7553879	1.9195428	3.0649405	1.9040861	2.6749195	1.0690786	0.0000000	2.7552711	2.0805046	2.1381125	2.2504171	1.6624018	
Echinococcus_multilocularis_AB018440	2.1697770	1.4228532	1.7534579	1.4198286	5.7815041	2.8974719	1.4615164	1.5009982	1.9618814	1.3750202	2.2395612	2.5937263	2.7552711	0.0000000	0.3058810	0.6939272	0.6009599	1.3280850	
Taenia_asiatica_AP017670	2.3176092	1.1376293	1.3815239	1.1631130	3.5931231	2.8169959	1.3360518	1.3581787	1.5106342	1.2140479	2.1588539	2.0052982	2.0805046	0.3058810	0.0000000	0.6377419	0.4992737	1.1386005	
Schistocephalus_solidus_AP017669	2.2482635	1.2664750	1.6087582	1.4508893	2.5425931	2.2499461	1.1013244	1.5070000	1.4458168	1.2859659	2.4783422	2.2857502	2.1381125	0.6939272	0.6377419	0.0000000	0.9031172	1.0707316	
Hymenolepis_microstoma_LC102493	1.8180005	1.1714948	1.7471450	1.4575293	2.5579183	2.3492507	1.3655242	1.3465628	1.9343059	1.7869037	1.8596070	2.2690906	2.2504171	0.6009599	0.4992737	0.9031172	0.0000000	1.0550136	
Rhabdosynochus_viridisi_MW565922	2.1019180	1.1869587	1.3462277	1.0798720	2.2463407	1.7417607	0.7700343	0.6689202	1.2921975	1.3564054	2.1737983	1.9398310	1.6624018	1.3280850	1.1386005	1.0707316	1.0550136	0.0000000	
