Clonorchis_sinensis_MT607652	0.0000000	1.3593558	2.2509235	0.8758093	1.0609249	2.0087248	1.1680993	2.2270567	1.9223195	0.8718774	2.6333772	1.1128107	1.0795705	1.0440898	2.2180485	1.2074148	1.2428876	1.0641126	
Echinococcus_multilocularis_AB018440	1.3593558	0.0000000	2.6290411	1.0618132	1.3111775	2.2502480	0.3506359	1.8877189	2.2871671	1.2250897	2.8132151	1.0926292	0.4612409	1.0399247	2.1399468	1.2157936	0.1678029	1.0667500	
Eudiplozoon_nipponicum_MW704020	2.2509235	2.6290411	0.0000000	1.7939873	2.7330824	0.8907336	2.1452985	3.7396911	0.8224870	2.0027919	1.0388736	2.0950675	1.9160613	2.2602254	3.9496544	2.3093954	2.4727452	2.2041447	
Fasciola_hepatica_AF216697	0.8758093	1.0618132	1.7939873	0.0000000	1.2952607	2.1324655	1.0203092	2.1806695	2.3142742	0.9040320	2.6943410	1.0054977	1.0401048	0.9507778	2.2634933	1.0690443	1.0042486	1.0879733	
Gyrodactylus_salaris_NC_008815	1.0609249	1.3111775	2.7330824	1.2952607	0.0000000	2.2819791	1.2518885	2.0689651	2.6005331	0.8241604	2.2747489	0.8284013	0.9142948	1.1932119	1.9857985	0.8010375	1.1488729	1.0456788	
Heterobothrium_okamotoi_MK948930	2.0087248	2.2502480	0.8907336	2.1324655	2.2819791	0.0000000	1.9096503	3.5712794	0.6937371	1.9213685	1.2683104	1.9293249	1.8014412	2.2309856	3.3146471	1.8514595	2.2492383	2.1729503	
Hymenolepis_microstoma_LC102493	1.1680993	0.3506359	2.1452985	1.0203092	1.2518885	1.9096503	0.0000000	1.7833271	2.0421088	1.1380060	2.3633092	1.0545285	0.6132495	1.0369849	2.0304595	1.3345288	0.3166922	1.1235393	
Macrostomum_lignano_NC_035255	2.2270567	1.8877189	3.7396911	2.1806695	2.0689651	3.5712794	1.7833271	0.0000000	3.7704042	2.1819975	3.1365327	1.9751547	2.0735061	1.9832448	2.2027264	1.9355891	1.9047291	1.8494017	
Microcotyle_sebastis_DQ412044	1.9223195	2.2871671	0.8224870	2.3142742	2.6005331	0.6937371	2.0421088	3.7704042	0.0000000	2.0829338	1.4718249	1.9944120	1.8769338	2.2159053	3.4643287	2.2561139	2.1623728	2.2602386	
Neobenedenia_melleni_JQ038228	0.8718774	1.2250897	2.0027919	0.9040320	0.8241604	1.9213685	1.1380060	2.1819975	2.0829338	0.0000000	2.0314546	0.7300504	0.8158025	0.8114900	1.9889311	0.7783292	1.1444944	0.8822482	
Paradiplozoon_opsariichthydis_MG458327	2.6333772	2.8132151	1.0388736	2.6943410	2.2747489	1.2683104	2.3633092	3.1365327	1.4718249	2.0314546	0.0000000	2.3508290	2.1357262	2.3032205	3.6825549	2.4325209	2.5624668	1.9195439	
Rhabdosynochus_viridisi_MW565922	1.1128107	1.0926292	2.0950675	1.0054977	0.8284013	1.9293249	1.0545285	1.9751547	1.9944120	0.7300504	2.3508290	0.0000000	0.7213366	1.0420685	2.2256940	0.5751546	1.0670220	1.0506983	
Schistocephalus_solidus_AP017669	1.0795705	0.4612409	1.9160613	1.0401048	0.9142948	1.8014412	0.6132495	2.0735061	1.8769338	0.8158025	2.1357262	0.7213366	0.0000000	0.8616288	2.0366599	0.9582372	0.5161854	0.9517480	
Schistosoma_mansoni_AF216698	1.0440898	1.0399247	2.2602254	0.9507778	1.1932119	2.2309856	1.0369849	1.9832448	2.2159053	0.8114900	2.3032205	1.0420685	0.8616288	0.0000000	2.3475929	1.2521190	0.9643805	0.5107876	
Schmidtea_mediterranea_JX398125	2.2180485	2.1399468	3.9496544	2.2634933	1.9857985	3.3146471	2.0304595	2.2027264	3.4643287	1.9889311	3.6825549	2.2256940	2.0366599	2.3475929	0.0000000	1.9965897	2.1603957	2.6932402	
Scutogyrus_longicornis_NC_056186	1.2074148	1.2157936	2.3093954	1.0690443	0.8010375	1.8514595	1.3345288	1.9355891	2.2561139	0.7783292	2.4325209	0.5751546	0.9582372	1.2521190	1.9965897	0.0000000	1.1714360	1.1932335	
Taenia_asiatica_AP017670	1.2428876	0.1678029	2.4727452	1.0042486	1.1488729	2.2492383	0.3166922	1.9047291	2.1623728	1.1444944	2.5624668	1.0670220	0.5161854	0.9643805	2.1603957	1.1714360	0.0000000	1.0355872	
Trichobilharzia_regenti_NC_009680	1.0641126	1.0667500	2.2041447	1.0879733	1.0456788	2.1729503	1.1235393	1.8494017	2.2602386	0.8822482	1.9195439	1.0506983	0.9517480	0.5107876	2.6932402	1.1932335	1.0355872	0.0000000	
