Gyrodactylus_salaris_NC_008815	0.0000000	3.1055755	4.4749311	3.3479947	3.5840728	3.8182638	3.3536561	1.2789178	2.2780861	1.5516172	1.9963570	2.8032235	2.2752887	2.0652932	2.0044939	1.8495709	1.7258263	1.5377678	
Eudiplozoon_nipponicum_MW704020	3.1055755	0.0000000	0.8951131	1.0743090	0.9551041	3.3541543	4.1506631	2.9360674	3.2631740	2.3673295	2.3141442	2.8399292	3.0052010	3.5974697	3.4325868	2.6620000	3.2337533	2.8706700	
Paradiplozoon_opsariichthydis_MG458327	4.4749311	0.8951131	0.0000000	0.9921915	0.9767189	3.4986842	4.0112376	2.8902572	3.4802526	2.7066260	2.5149934	3.0303595	3.0862760	2.9663973	2.8918761	3.1821309	3.3135374	3.1420163	
Heterobothrium_okamotoi_MK948930	3.3479947	1.0743090	0.9921915	0.0000000	0.4887642	3.7407451	3.2945822	3.4284383	3.2702084	2.2616298	4.1273950	3.9170017	3.5099778	3.4866207	3.6671899	3.7726611	2.8487726	2.5798813	
Microcotyle_sebastis_DQ412044	3.5840728	0.9551041	0.9767189	0.4887642	0.0000000	3.0827594	2.7794512	3.4872750	3.5056619	2.6404756	2.8985998	3.3950270	2.7176394	3.9722720	2.6717510	3.1735601	2.7116331	2.9893649	
Schmidtea_mediterranea_JX398125	3.8182638	3.3541543	3.4986842	3.7407451	3.0827594	0.0000000	0.9785834	2.3515782	2.4486882	2.6308933	2.7241493	2.9368864	3.0426184	3.4654012	2.9201795	3.1672584	3.0354848	2.8304206	
Macrostomum_lignano_NC_035255	3.3536561	4.1506631	4.0112376	3.2945822	2.7794512	0.9785834	0.0000000	2.2195081	2.6437050	2.7501930	2.3691266	4.3359496	2.6815367	2.2949453	2.4956848	2.2762431	2.1683660	2.1789998	
Scutogyrus_longicornis_NC_056186	1.2789178	2.9360674	2.8902572	3.4284383	3.4872750	2.3515782	2.2195081	0.0000000	1.8084468	0.8442645	1.4403726	2.5684405	1.9307027	1.4009532	1.3575479	1.1872201	1.2912666	1.1536153	
Clonorchis_sinensis_MT607652	2.2780861	3.2631740	3.4802526	3.2702084	3.5056619	2.4486882	2.6437050	1.8084468	0.0000000	2.0642089	1.5083623	2.7348045	2.5549759	2.2448211	2.1179051	2.4465777	2.1346851	2.2391295	
Neobenedenia_melleni_JQ038228	1.5516172	2.3673295	2.7066260	2.2616298	2.6404756	2.6308933	2.7501930	0.8442645	2.0642089	0.0000000	1.4222532	2.4948681	2.2124238	1.3203248	1.2440259	1.3216109	1.1108606	1.2795116	
Fasciola_hepatica_AF216697	1.9963570	2.3141442	2.5149934	4.1273950	2.8985998	2.7241493	2.3691266	1.4403726	1.5083623	1.4222532	0.0000000	2.2465471	2.2166385	1.5282617	1.3838754	1.7710240	1.5348112	1.3875100	
Schistosoma_mansoni_AF216698	2.8032235	2.8399292	3.0303595	3.9170017	3.3950270	2.9368864	4.3359496	2.5684405	2.7348045	2.4948681	2.2465471	0.0000000	1.0268250	2.6734677	2.4468159	2.1280587	2.3594948	2.7563122	
Trichobilharzia_regenti_NC_009680	2.2752887	3.0052010	3.0862760	3.5099778	2.7176394	3.0426184	2.6815367	1.9307027	2.5549759	2.2124238	2.2166385	1.0268250	0.0000000	1.9403933	1.7557198	2.9679010	1.8884321	1.8024273	
Echinococcus_multilocularis_AB018440	2.0652932	3.5974697	2.9663973	3.4866207	3.9722720	3.4654012	2.2949453	1.4009532	2.2448211	1.3203248	1.5282617	2.6734677	1.9403933	0.0000000	0.3481435	0.9842485	0.7823358	1.7071370	
Taenia_asiatica_AP017670	2.0044939	3.4325868	2.8918761	3.6671899	2.6717510	2.9201795	2.4956848	1.3575479	2.1179051	1.2440259	1.3838754	2.4468159	1.7557198	0.3481435	0.0000000	0.9230478	0.6653123	1.5849633	
Schistocephalus_solidus_AP017669	1.8495709	2.6620000	3.1821309	3.7726611	3.1735601	3.1672584	2.2762431	1.1872201	2.4465777	1.3216109	1.7710240	2.1280587	2.9679010	0.9842485	0.9230478	0.0000000	0.8740243	1.7137047	
Hymenolepis_microstoma_LC102493	1.7258263	3.2337533	3.3135374	2.8487726	2.7116331	3.0354848	2.1683660	1.2912666	2.1346851	1.1108606	1.5348112	2.3594948	1.8884321	0.7823358	0.6653123	0.8740243	0.0000000	1.8095692	
Rhabdosynochus_viridisi_MW565922	1.5377678	2.8706700	3.1420163	2.5798813	2.9893649	2.8304206	2.1789998	1.1536153	2.2391295	1.2795116	1.3875100	2.7563122	1.8024273	1.7071370	1.5849633	1.7137047	1.8095692	0.0000000	
