Clonorchis_sinensis_MT607652	0.0000000	2.3905056	5.9382762	1.9805706	2.9985948	4.9863562	2.6589880	4.7613190	5.1796361	2.3531972	5.6890480	2.8043037	2.4277986	4.8724658	4.2967711	2.6154379	2.4158066	3.5862873	
Echinococcus_multilocularis_AB018440	2.3905056	0.0000000	4.8221283	1.8144265	1.8537353	3.6941558	0.8078746	4.1798569	3.9922089	1.7161628	4.8013923	2.0105362	0.9949168	4.0391765	5.4666917	1.4668630	0.3312619	3.0168553	
Eudiplozoon_nipponicum_MW704020	5.9382762	4.8221283	0.0000000	4.1800982	4.5358590	0.9914856	4.4580013	5.2044334	1.1733692	3.8964115	1.2263189	4.2747264	3.9780277	5.2905068	4.7984585	4.7460321	4.2707062	5.0996537	
Fasciola_hepatica_AF216697	1.9805706	1.8144265	4.1800982	0.0000000	1.8743681	4.9025040	1.8055030	3.9031736	4.0509549	1.7814866	5.3692737	1.9222416	1.6300259	4.5979034	4.6946982	1.5619269	1.7355000	3.7907631	
Gyrodactylus_salaris_NC_008815	2.9985948	1.8537353	4.5358590	1.8743681	0.0000000	5.1087601	1.5094706	4.0064701	4.7718353	1.6255132	4.5762962	1.5319450	1.5291505	4.1849077	4.2017600	1.2626348	1.5333800	3.2981887	
Heterobothrium_okamotoi_MK948930	4.9863562	3.6941558	0.9914856	4.9025040	5.1087601	0.0000000	3.4810792	4.5297165	0.4089363	3.4699697	1.0682239	3.3697065	3.5684047	4.9599846	4.1384590	4.5353982	3.7360219	5.8835150	
Hymenolepis_microstoma_LC102493	2.6589880	0.8078746	4.4580013	1.8055030	1.5094706	3.4810792	0.0000000	3.7785205	3.4024685	1.5889685	5.0846197	1.9161059	0.8773093	3.8788852	4.4383064	1.3761640	0.6687071	2.8103330	
Macrostomum_lignano_NC_035255	4.7613190	4.1798569	5.2044334	3.9031736	4.0064701	4.5297165	3.7785205	0.0000000	4.4212013	3.8213011	4.9093927	3.8620338	3.8743518	6.6050128	1.3138850	3.8122081	3.9809323	4.8409712	
Microcotyle_sebastis_DQ412044	5.1796361	3.9922089	1.1733692	4.0509549	4.7718353	0.4089363	3.4024685	4.4212013	0.0000000	3.3725602	1.2824040	3.5349369	3.6648953	5.3843170	4.3595323	3.7661082	3.4782231	5.6583529	
Neobenedenia_melleni_JQ038228	2.3531972	1.7161628	3.8964115	1.7814866	1.6255132	3.4699697	1.5889685	3.8213011	3.3725602	0.0000000	4.0435524	1.7052532	1.2493190	3.6634752	4.1304430	1.2001579	1.5542656	3.0968969	
Paradiplozoon_opsariichthydis_MG458327	5.6890480	4.8013923	1.2263189	5.3692737	4.5762962	1.0682239	5.0846197	4.9093927	1.2824040	4.0435524	0.0000000	4.0736788	4.3573683	6.3296791	4.9627643	4.9019624	4.8859229	6.5224539	
Rhabdosynochus_viridisi_MW565922	2.8043037	2.0105362	4.2747264	1.9222416	1.5319450	3.3697065	1.9161059	3.8620338	3.5349369	1.7052532	4.0736788	0.0000000	1.5014431	4.2470191	4.0695928	1.2138551	1.6999707	2.8526837	
Schistocephalus_solidus_AP017669	2.4277986	0.9949168	3.9780277	1.6300259	1.5291505	3.5684047	0.8773093	3.8743518	3.6648953	1.2493190	4.3573683	1.5014431	0.0000000	3.4859601	4.7444475	1.1895263	0.8893997	3.4085018	
Schistosoma_mansoni_AF216698	4.8724658	4.0391765	5.2905068	4.5979034	4.1849077	4.9599846	3.8788852	6.6050128	5.3843170	3.6634752	6.3296791	4.2470191	3.4859601	0.0000000	5.9452986	3.9428009	3.5796351	1.4729815	
Schmidtea_mediterranea_JX398125	4.2967711	5.4666917	4.7984585	4.6946982	4.2017600	4.1384590	4.4383064	1.3138850	4.3595323	4.1304430	4.9627643	4.0695928	4.7444475	5.9452986	0.0000000	4.3855282	4.5479770	5.3526257	
Scutogyrus_longicornis_NC_056186	2.6154379	1.4668630	4.7460321	1.5619269	1.2626348	4.5353982	1.3761640	3.8122081	3.7661082	1.2001579	4.9019624	1.2138551	1.1895263	3.9428009	4.3855282	0.0000000	1.4022081	3.0356272	
Taenia_asiatica_AP017670	2.4158066	0.3312619	4.2707062	1.7355000	1.5333800	3.7360219	0.6687071	3.9809323	3.4782231	1.5542656	4.8859229	1.6999707	0.8893997	3.5796351	4.5479770	1.4022081	0.0000000	2.6298896	
Trichobilharzia_regenti_NC_009680	3.5862873	3.0168553	5.0996537	3.7907631	3.2981887	5.8835150	2.8103330	4.8409712	5.6583529	3.0968969	6.5224539	2.8526837	3.4085018	1.4729815	5.3526257	3.0356272	2.6298896	0.0000000	
