Clonorchis_sinensis_MT607652	0.0000000	1.3480428	2.5957250	0.3859095	1.0917262	2.6621623	0.9584018	4.1282818	2.7653745	0.7489087	2.8740787	0.8997731	0.8074913	1.3221281	3.5793232	0.7646700	1.2344829	0.8452883	
Echinococcus_multilocularis_AB018440	1.3480428	0.0000000	3.2471594	1.3339809	1.4928495	3.4557041	0.5419387	4.4593506	3.3338892	1.1907158	3.3720120	1.4630035	0.7786655	1.5411830	4.4048393	1.1988081	0.2776610	1.2181379	
Eudiplozoon_nipponicum_MW704020	2.5957250	3.2471594	0.0000000	2.8171132	2.8125787	0.6459582	2.8646546	4.8920237	0.6386527	2.6831010	1.1942558	2.7563808	2.6126879	2.7029706	4.7225192	2.4842749	3.3470185	2.8359064	
Fasciola_hepatica_AF216697	0.3859095	1.3339809	2.8171132	0.0000000	1.0804449	2.9294985	1.0127032	4.5184678	3.1494634	0.7064736	2.7305216	0.8800983	0.8237346	1.3511607	3.8524136	0.7449388	1.2116620	0.8909199	
Gyrodactylus_salaris_NC_008815	1.0917262	1.4928495	2.8125787	1.0804449	0.0000000	2.8237811	1.2592050	4.1833855	2.9988903	0.9071449	3.1088965	1.0408120	1.1816533	1.4312327	4.6529372	0.8966443	1.3852288	1.3300104	
Heterobothrium_okamotoi_MK948930	2.6621623	3.4557041	0.6459582	2.9294985	2.8237811	0.0000000	3.0570425	5.5606542	0.3236616	2.7439386	1.2126049	3.0224279	2.9841397	2.8190869	5.2360674	2.8339554	3.5262118	2.7419922	
Hymenolepis_microstoma_LC102493	0.9584018	0.5419387	2.8646546	1.0127032	1.2592050	3.0570425	0.0000000	4.3028624	3.1138285	0.9061524	3.2915311	1.1132960	0.5465378	1.4548336	4.0907905	0.9217306	0.4300305	1.1451342	
Macrostomum_lignano_NC_035255	4.1282818	4.4593506	4.8920237	4.5184678	4.1833855	5.5606542	4.3028624	0.0000000	5.5429690	3.6001966	5.6181386	3.5542434	4.0639673	3.6217882	1.9619178	3.9303209	4.1675075	4.0844011	
Microcotyle_sebastis_DQ412044	2.7653745	3.3338892	0.6386527	3.1494634	2.9988903	0.3236616	3.1138285	5.5429690	0.0000000	2.6744833	1.2626081	3.1289982	2.8122740	2.7098948	5.1918894	2.5573905	3.2481669	2.8476544	
Neobenedenia_melleni_JQ038228	0.7489087	1.1907158	2.6831010	0.7064736	0.9071449	2.7439386	0.9061524	3.6001966	2.6744833	0.0000000	3.1473253	0.6461321	0.7457863	1.3759084	3.9712488	0.3381083	1.1724535	1.0021686	
Paradiplozoon_opsariichthydis_MG458327	2.8740787	3.3720120	1.1942558	2.7305216	3.1088965	1.2126049	3.2915311	5.6181386	1.2626081	3.1473253	0.0000000	3.2013511	3.3220777	2.9686501	4.7615081	3.0456532	3.3450674	3.0187420	
Rhabdosynochus_viridisi_MW565922	0.8997731	1.4630035	2.7563808	0.8800983	1.0408120	3.0224279	1.1132960	3.5542434	3.1289982	0.6461321	3.2013511	0.0000000	0.9726397	1.3751620	3.7693274	0.6753043	1.3818192	1.1564184	
Schistocephalus_solidus_AP017669	0.8074913	0.7786655	2.6126879	0.8237346	1.1816533	2.9841397	0.5465378	4.0639673	2.8122740	0.7457863	3.3220777	0.9726397	0.0000000	1.3101351	4.1306549	0.7335655	0.7376917	0.9899660	
Schistosoma_mansoni_AF216698	1.3221281	1.5411830	2.7029706	1.3511607	1.4312327	2.8190869	1.4548336	3.6217882	2.7098948	1.3759084	2.9686501	1.3751620	1.3101351	0.0000000	3.3681978	1.2279096	1.4534328	1.0253613	
Schmidtea_mediterranea_JX398125	3.5793232	4.4048393	4.7225192	3.8524136	4.6529372	5.2360674	4.0907905	1.9619178	5.1918894	3.9712488	4.7615081	3.7693274	4.1306549	3.3681978	0.0000000	3.8223937	4.3261487	3.9143853	
Scutogyrus_longicornis_NC_056186	0.7646700	1.1988081	2.4842749	0.7449388	0.8966443	2.8339554	0.9217306	3.9303209	2.5573905	0.3381083	3.0456532	0.6753043	0.7335655	1.2279096	3.8223937	0.0000000	1.1615135	1.0110486	
Taenia_asiatica_AP017670	1.2344829	0.2776610	3.3470185	1.2116620	1.3852288	3.5262118	0.4300305	4.1675075	3.2481669	1.1724535	3.3450674	1.3818192	0.7376917	1.4534328	4.3261487	1.1615135	0.0000000	1.2380994	
Trichobilharzia_regenti_NC_009680	0.8452883	1.2181379	2.8359064	0.8909199	1.3300104	2.7419922	1.1451342	4.0844011	2.8476544	1.0021686	3.0187420	1.1564184	0.9899660	1.0253613	3.9143853	1.0110486	1.2380994	0.0000000	
