Microcotyle_sebastis_DQ412044	0.0000000	1.8855219	0.6257124	0.4525789	2.5856203	1.0691677	4.4094052	4.8445197	2.2167145	2.1487345	2.1462583	2.0254520	2.4611009	2.2547842	2.2572747	1.9712843	2.1791471	2.3055900	
Rhabdosynochus_viridisi_MW565922	1.8855219	0.0000000	1.8009431	2.2798802	1.1671021	1.9715315	2.3289018	2.2296160	0.9118178	0.7830886	0.8447523	0.9710272	1.0795450	0.9195884	0.9056469	0.6101532	0.6512018	1.0444354	
Eudiplozoon_nipponicum_MW704020	0.6257124	1.8009431	0.0000000	0.6873906	2.8063381	0.9685664	3.2892192	3.0665975	2.0782674	1.7863623	1.8392016	1.9215508	2.0811761	2.2587899	2.0311329	1.6906121	2.0571291	2.1208143	
Heterobothrium_okamotoi_MK948930	0.4525789	2.2798802	0.6873906	0.0000000	2.5764702	0.9954356	4.9642985	4.9079269	2.1031346	2.2235292	2.3232958	1.8282436	2.5539857	2.6883462	2.3262554	2.4500662	2.1404417	2.5662936	
Gyrodactylus_salaris_NC_008815	2.5856203	1.1671021	2.8063381	2.5764702	0.0000000	2.6988943	4.4449798	3.5854778	1.3537444	1.1599201	1.2568982	1.2411621	1.4478821	1.3611403	1.2877624	1.0121359	1.1788993	1.3168522	
Paradiplozoon_opsariichthydis_MG458327	1.0691677	1.9715315	0.9685664	0.9954356	2.6988943	0.0000000	3.4135448	3.6538871	1.7601338	1.6712835	1.8823740	2.5581884	2.3259377	2.4830325	2.6172181	2.0419782	2.1539115	2.2564009	
Schmidtea_mediterranea_JX398125	4.4094052	2.3289018	3.2892192	4.9642985	4.4449798	3.4135448	0.0000000	1.6043177	2.7763572	2.3471755	3.0562302	2.9205599	2.7380883	2.9375410	2.8212284	2.7465703	2.7076239	2.5134697	
Macrostomum_lignano_NC_035255	4.8445197	2.2296160	3.0665975	4.9079269	3.5854778	3.6538871	1.6043177	0.0000000	2.6542317	2.3515874	2.3495278	3.1005742	2.9243604	2.7640796	3.4281427	2.3355993	2.9394795	2.7590234	
Clonorchis_sinensis_MT607652	2.2167145	0.9118178	2.0782674	2.1031346	1.3537444	1.7601338	2.7763572	2.6542317	0.0000000	0.4463562	0.7640000	0.7292563	1.1088525	1.0916629	0.9339737	0.8321393	0.7460998	1.2456234	
Fasciola_hepatica_AF216697	2.1487345	0.7830886	1.7863623	2.2235292	1.1599201	1.6712835	2.3471755	2.3515874	0.4463562	0.0000000	0.6997841	0.8421482	0.9647857	0.9136577	0.8827902	0.7267248	0.7580231	1.1332299	
Trichobilharzia_regenti_NC_009680	2.1462583	0.8447523	1.8392016	2.3232958	1.2568982	1.8823740	3.0562302	2.3495278	0.7640000	0.6997841	0.0000000	0.8990113	0.9090990	0.9467576	0.9460648	0.8159458	0.8696519	0.8769103	
Schistocephalus_solidus_AP017669	2.0254520	0.9710272	1.9215508	1.8282436	1.2411621	2.5581884	2.9205599	3.1005742	0.7292563	0.8421482	0.8990113	0.0000000	0.7342910	0.7265920	0.5878170	0.6425208	0.7481024	1.1417486	
Echinococcus_multilocularis_AB018440	2.4611009	1.0795450	2.0811761	2.5539857	1.4478821	2.3259377	2.7380883	2.9243604	1.1088525	0.9647857	0.9090990	0.7342910	0.0000000	0.3346029	0.4860132	0.9981972	1.0282596	1.1510863	
Taenia_asiatica_AP017670	2.2547842	0.9195884	2.2587899	2.6883462	1.3611403	2.4830325	2.9375410	2.7640796	1.0916629	0.9136577	0.9467576	0.7265920	0.3346029	0.0000000	0.4461523	0.9362958	0.9989101	1.2052258	
Hymenolepis_microstoma_LC102493	2.2572747	0.9056469	2.0311329	2.3262554	1.2877624	2.6172181	2.8212284	3.4281427	0.9339737	0.8827902	0.9460648	0.5878170	0.4860132	0.4461523	0.0000000	0.7872700	0.9147108	1.1614303	
Neobenedenia_melleni_JQ038228	1.9712843	0.6101532	1.6906121	2.4500662	1.0121359	2.0419782	2.7465703	2.3355993	0.8321393	0.7267248	0.8159458	0.6425208	0.9981972	0.9362958	0.7872700	0.0000000	0.4827458	1.1323720	
Scutogyrus_longicornis_NC_056186	2.1791471	0.6512018	2.0571291	2.1404417	1.1788993	2.1539115	2.7076239	2.9394795	0.7460998	0.7580231	0.8696519	0.7481024	1.0282596	0.9989101	0.9147108	0.4827458	0.0000000	1.0408019	
Schistosoma_mansoni_AF216698	2.3055900	1.0444354	2.1208143	2.5662936	1.3168522	2.2564009	2.5134697	2.7590234	1.2456234	1.1332299	0.8769103	1.1417486	1.1510863	1.2052258	1.1614303	1.1323720	1.0408019	0.0000000	
