Clonorchis_sinensis_MT607652	0.0000000	3.3289098	4.9727597	1.8762154	4.2423838	5.2187147	3.3755721	7.2258168	4.9203763	3.2578917	5.1925809	3.7802484	3.2136903	3.9467705	7.3635223	3.3995813	3.3600893	3.3464545	
Echinococcus_multilocularis_AB018440	3.3289098	0.0000000	4.7955448	2.8610828	4.3209367	5.1805353	1.3169252	6.3030577	4.8510954	3.1380664	5.0464030	3.3152888	1.6750316	3.9396426	7.0898847	3.3741636	0.8180138	3.3048254	
Eudiplozoon_nipponicum_MW704020	4.9727597	4.7955448	0.0000000	4.5030046	5.8115592	2.2987455	4.4719979	7.4466698	2.1153410	4.2893105	2.2673136	4.4279109	4.5086145	5.1394697	8.0766479	4.7622548	4.6039841	4.7578755	
Fasciola_hepatica_AF216697	1.8762154	2.8610828	4.5030046	0.0000000	4.4277930	4.9044000	2.9844738	6.7947927	4.5142449	3.0183276	4.8030442	3.2819043	2.9792240	3.6264699	7.2894200	3.2265468	2.9217877	3.0112417	
Gyrodactylus_salaris_NC_008815	4.2423838	4.3209367	5.8115592	4.4277930	0.0000000	5.5805873	4.1601842	7.6166652	5.4587476	3.3020470	6.3002197	3.6540524	4.0345041	4.7829439	8.7939709	3.7604607	4.1339816	4.5430933	
Heterobothrium_okamotoi_MK948930	5.2187147	5.1805353	2.2987455	4.9044000	5.5805873	0.0000000	4.7497419	7.7326368	1.6778925	4.4740640	3.2069195	4.7225555	4.7437004	5.4032452	8.9999982	5.0081391	5.1020212	5.2538817	
Hymenolepis_microstoma_LC102493	3.3755721	1.3169252	4.4719979	2.9844738	4.1601842	4.7497419	0.0000000	6.3762350	4.5808858	2.8499803	5.0412978	3.2823343	1.5429282	4.0087115	7.1964579	3.3672843	1.2248948	3.5366078	
Macrostomum_lignano_NC_035255	7.2258168	6.3030577	7.4466698	6.7947927	7.6166652	7.7326368	6.3762350	0.0000000	7.5321592	6.2231956	8.2113755	6.1798702	6.6730693	7.0661763	4.9771113	7.0978468	6.3513216	6.4145782	
Microcotyle_sebastis_DQ412044	4.9203763	4.8510954	2.1153410	4.5142449	5.4587476	1.6778925	4.5808858	7.5321592	0.0000000	4.0875855	3.0561912	4.2682360	4.5456427	5.0959065	8.9129853	4.8204758	4.7105847	4.9948158	
Neobenedenia_melleni_JQ038228	3.2578917	3.1380664	4.2893105	3.0183276	3.3020470	4.4740640	2.8499803	6.2231956	4.0875855	0.0000000	4.8881086	2.1341767	2.7842941	3.8979035	6.8503351	2.4201707	2.9585336	3.3235189	
Paradiplozoon_opsariichthydis_MG458327	5.1925809	5.0464030	2.2673136	4.8030442	6.3002197	3.2069195	5.0412978	8.2113755	3.0561912	4.8881086	0.0000000	4.7883845	4.8197140	5.7175991	8.4964274	5.1087493	4.8860816	5.2131756	
Rhabdosynochus_viridisi_MW565922	3.7802484	3.3152888	4.4279109	3.2819043	3.6540524	4.7225555	3.2823343	6.1798702	4.2682360	2.1341767	4.7883845	0.0000000	3.2410523	4.0613592	7.4918022	2.5449991	3.2482300	3.5426786	
Schistocephalus_solidus_AP017669	3.2136903	1.6750316	4.5086145	2.9792240	4.0345041	4.7437004	1.5429282	6.6730693	4.5456427	2.7842941	4.8197140	3.2410523	0.0000000	3.9916533	7.5905180	3.1779161	1.5876552	3.5792741	
Schistosoma_mansoni_AF216698	3.9467705	3.9396426	5.1394697	3.6264699	4.7829439	5.4032452	4.0087115	7.0661763	5.0959065	3.8979035	5.7175991	4.0613592	3.9916533	0.0000000	8.7163468	4.2188872	3.9468209	2.3427052	
Schmidtea_mediterranea_JX398125	7.3635223	7.0898847	8.0766479	7.2894200	8.7939709	8.9999982	7.1964579	4.9771113	8.9129853	6.8503351	8.4964274	7.4918022	7.5905180	8.7163468	0.0000000	7.6498379	7.0946478	7.6486034	
Scutogyrus_longicornis_NC_056186	3.3995813	3.3741636	4.7622548	3.2265468	3.7604607	5.0081391	3.3672843	7.0978468	4.8204758	2.4201707	5.1087493	2.5449991	3.1779161	4.2188872	7.6498379	0.0000000	3.3849870	3.7161456	
Taenia_asiatica_AP017670	3.3600893	0.8180138	4.6039841	2.9217877	4.1339816	5.1020212	1.2248948	6.3513216	4.7105847	2.9585336	4.8860816	3.2482300	1.5876552	3.9468209	7.0946478	3.3849870	0.0000000	3.3460440	
Trichobilharzia_regenti_NC_009680	3.3464545	3.3048254	4.7578755	3.0112417	4.5430933	5.2538817	3.5366078	6.4145782	4.9948158	3.3235189	5.2131756	3.5426786	3.5792741	2.3427052	7.6486034	3.7161456	3.3460440	0.0000000	
