Clonorchis_sinensis_MT607652	0.0000000	3.8026786	5.3842216	2.0140958	4.9260117	5.4605754	3.7828351	7.5503657	5.2705417	3.8089297	5.6754656	4.0779872	3.5628127	4.0275758	7.9448823	3.9924560	3.8216988	3.5443907	
Echinococcus_multilocularis_AB018440	3.8026786	0.0000000	4.3198175	2.7367589	4.3538505	4.5588511	1.2212931	5.6476392	4.3667764	3.2632847	4.5862837	3.3440253	1.5560427	3.6089141	6.6163123	3.4212438	0.7668606	3.1708685	
Eudiplozoon_nipponicum_MW704020	5.3842216	4.3198175	0.0000000	3.9919446	5.4557359	1.9419030	4.0973957	6.2100453	1.7854740	4.3322433	1.8821305	4.4082957	3.9582318	4.4018694	6.9357308	4.5876817	4.2384621	4.2404943	
Fasciola_hepatica_AF216697	2.0140958	2.7367589	3.9919446	0.0000000	4.3347899	4.1910724	2.7463087	5.6354766	3.9688019	3.1134979	4.2759401	3.2567013	2.6894254	3.0141860	6.4330888	3.2345802	2.7649223	2.6061273	
Gyrodactylus_salaris_NC_008815	4.9260117	4.3538505	5.4557359	4.3347899	0.0000000	5.3528471	4.1643875	6.7482135	5.1755560	3.2182295	5.9324811	3.7152616	3.9952369	4.6508943	7.9608631	3.6827816	4.1704948	4.4816213	
Heterobothrium_okamotoi_MK948930	5.4605754	4.5588511	1.9419030	4.1910724	5.3528471	0.0000000	4.2310085	6.3969818	1.4515157	4.4702883	2.6678979	4.6244886	4.1179628	4.5506713	7.8699133	4.7388435	4.5602804	4.5078256	
Hymenolepis_microstoma_LC102493	3.7828351	1.2212931	4.0973957	2.7463087	4.1643875	4.2310085	0.0000000	5.6314762	4.1812010	2.9603478	4.5257110	3.2732238	1.3751894	3.5838439	6.5425691	3.3749958	1.1053987	3.2869860	
Macrostomum_lignano_NC_035255	7.5503657	5.6476392	6.2100453	5.6354766	6.7482135	6.3969818	5.6314762	0.0000000	6.2175280	5.9720898	6.9251994	5.7725716	5.6486168	5.7764367	4.6744521	6.1948400	5.6932222	5.4147223	
Microcotyle_sebastis_DQ412044	5.2705417	4.3667764	1.7854740	3.9688019	5.1755560	1.4515157	4.1812010	6.2175280	0.0000000	4.1332723	2.5312116	4.1842394	3.9757613	4.3603917	7.5237209	4.5681058	4.2655488	4.3548464	
Neobenedenia_melleni_JQ038228	3.8089297	3.2632847	4.3322433	3.1134979	3.2182295	4.4702883	2.9603478	5.9720898	4.1332723	0.0000000	4.7966844	2.1925882	2.8984231	3.8959870	6.6851529	2.4800662	3.0534861	3.4073706	
Paradiplozoon_opsariichthydis_MG458327	5.6754656	4.5862837	1.8821305	4.2759401	5.9324811	2.6678979	4.5257110	6.9251994	2.5312116	4.7966844	0.0000000	4.7786032	4.2817036	4.9235082	7.2425934	4.9473971	4.4400359	4.6706910	
Rhabdosynochus_viridisi_MW565922	4.0779872	3.3440253	4.4082957	3.2567013	3.7152616	4.6244886	3.2732238	5.7725716	4.1842394	2.1925882	4.7786032	0.0000000	3.2137650	3.9554256	6.9658692	2.4454780	3.2692876	3.4891501	
Schistocephalus_solidus_AP017669	3.5628127	1.5560427	3.9582318	2.6894254	3.9952369	4.1179628	1.3751894	5.6486168	3.9757613	2.8984231	4.2817036	3.2137650	0.0000000	3.4876990	6.6913187	3.1745046	1.4381364	3.2359841	
Schistosoma_mansoni_AF216698	4.0275758	3.6089141	4.4018694	3.0141860	4.6508943	4.5506713	3.5838439	5.7764367	4.3603917	3.8959870	4.9235082	3.9554256	3.4876990	0.0000000	7.1301827	4.0367923	3.6044434	1.9598013	
Schmidtea_mediterranea_JX398125	7.9448823	6.6163123	6.9357308	6.4330888	7.9608631	7.8699133	6.5425691	4.6744521	7.5237209	6.6851529	7.2425934	6.9658692	6.6913187	7.1301827	0.0000000	7.0859022	6.6777878	6.5824824	
Scutogyrus_longicornis_NC_056186	3.9924560	3.4212438	4.5876817	3.2345802	3.6827816	4.7388435	3.3749958	6.1948400	4.5681058	2.4800662	4.9473971	2.4454780	3.1745046	4.0367923	7.0859022	0.0000000	3.4618271	3.6276100	
Taenia_asiatica_AP017670	3.8216988	0.7668606	4.2384621	2.7649223	4.1704948	4.5602804	1.1053987	5.6932222	4.2655488	3.0534861	4.4400359	3.2692876	1.4381364	3.6044434	6.6777878	3.4618271	0.0000000	3.2077561	
Trichobilharzia_regenti_NC_009680	3.5443907	3.1708685	4.2404943	2.6061273	4.4816213	4.5078256	3.2869860	5.4147223	4.3548464	3.4073706	4.6706910	3.4891501	3.2359841	1.9598013	6.5824824	3.6276100	3.2077561	0.0000000	
