Clonorchis_sinensis_MT607652	0.0000000	1.8040509	3.4271434	0.9446906	2.4476505	3.4212288	1.7202888	5.5148364	3.5042148	1.6622977	3.8528947	2.1916211	1.6410408	2.3029884	5.4680975	1.9860313	1.8200410	1.8601482	
Echinococcus_multilocularis_AB018440	1.8040509	0.0000000	3.4236347	1.6558953	2.2895180	3.3095946	0.5982154	5.1033012	3.3058896	1.7361575	3.6196161	2.0821461	0.7587361	2.4438851	5.6242680	1.9411329	0.3484579	2.1428111	
Eudiplozoon_nipponicum_MW704020	3.4271434	3.4236347	0.0000000	3.2432243	3.6483259	1.1929784	3.1345887	5.8711833	1.1487239	3.0370660	1.4789009	3.2483089	3.0843728	3.6693527	6.0270109	3.2416732	3.3756820	3.6018980	
Fasciola_hepatica_AF216697	0.9446906	1.6558953	3.2432243	0.0000000	2.3470782	3.2566615	1.6054930	5.5885434	3.2396873	1.5675647	3.5785733	1.9367430	1.5229062	2.1469563	5.4924335	1.8133224	1.6352213	1.7905641	
Gyrodactylus_salaris_NC_008815	2.4476505	2.2895180	3.6483259	2.3470782	0.0000000	3.5660638	2.1932073	5.5678143	3.5800477	1.7711650	3.9491876	2.0911989	2.0970848	2.8261229	5.5618021	1.9888624	2.2358656	2.5800325	
Heterobothrium_okamotoi_MK948930	3.4212288	3.3095946	1.1929784	3.2566615	3.5660638	0.0000000	3.0274971	5.7714636	0.8137174	3.1289916	1.8620922	3.2795858	3.1418287	3.6677427	6.3409360	3.3025643	3.3139831	3.5531641	
Hymenolepis_microstoma_LC102493	1.7202888	0.5982154	3.1345887	1.6054930	2.1932073	3.0274971	0.0000000	5.0052360	3.1896305	1.6490128	3.5985017	2.0264929	0.6673397	2.3533941	5.3189594	1.9135545	0.5463396	2.1406685	
Macrostomum_lignano_NC_035255	5.5148364	5.1033012	5.8711833	5.5885434	5.5678143	5.7714636	5.0052360	0.0000000	5.7161428	4.6990663	6.1980485	5.0705653	5.1541621	5.5782937	3.0782314	4.9560574	5.1060248	5.1964279	
Microcotyle_sebastis_DQ412044	3.5042148	3.3058896	1.1487239	3.2396873	3.5800477	0.8137174	3.1896305	5.7161428	0.0000000	2.9893048	1.8711452	3.3116250	3.0907913	3.6256822	6.1449820	3.2204006	3.3048895	3.4405298	
Neobenedenia_melleni_JQ038228	1.6622977	1.7361575	3.0370660	1.5675647	1.7711650	3.1289916	1.6490128	4.6990663	2.9893048	0.0000000	3.3528867	1.3139173	1.5239031	2.2553700	4.9837734	1.2568799	1.7108292	1.9113427	
Paradiplozoon_opsariichthydis_MG458327	3.8528947	3.6196161	1.4789009	3.5785733	3.9491876	1.8620922	3.5985017	6.1980485	1.8711452	3.3528867	0.0000000	3.4177873	3.3375873	3.9748733	6.4882191	3.6342273	3.6007146	3.7700333	
Rhabdosynochus_viridisi_MW565922	2.1916211	2.0821461	3.2483089	1.9367430	2.0911989	3.2795858	2.0264929	5.0705653	3.3116250	1.3139173	3.4177873	0.0000000	1.9298250	2.6644289	5.5937780	1.4692384	2.0615018	2.2534623	
Schistocephalus_solidus_AP017669	1.6410408	0.7587361	3.0843728	1.5229062	2.0970848	3.1418287	0.6673397	5.1541621	3.0907913	1.5239031	3.3375873	1.9298250	0.0000000	2.2523477	5.6223098	1.7887266	0.7158690	2.1120742	
Schistosoma_mansoni_AF216698	2.3029884	2.4438851	3.6693527	2.1469563	2.8261229	3.6677427	2.3533941	5.5782937	3.6256822	2.2553700	3.9748733	2.6644289	2.2523477	0.0000000	5.9609465	2.6707231	2.3962189	1.3654769	
Schmidtea_mediterranea_JX398125	5.4680975	5.6242680	6.0270109	5.4924335	5.5618021	6.3409360	5.3189594	3.0782314	6.1449820	4.9837734	6.4882191	5.5937780	5.6223098	5.9609465	0.0000000	5.7242552	5.5574358	5.4884786	
Scutogyrus_longicornis_NC_056186	1.9860313	1.9411329	3.2416732	1.8133224	1.9888624	3.3025643	1.9135545	4.9560574	3.2204006	1.2568799	3.6342273	1.4692384	1.7887266	2.6707231	5.7242552	0.0000000	2.0014875	2.2908367	
Taenia_asiatica_AP017670	1.8200410	0.3484579	3.3756820	1.6352213	2.2358656	3.3139831	0.5463396	5.1060248	3.3048895	1.7108292	3.6007146	2.0615018	0.7158690	2.3962189	5.5574358	2.0014875	0.0000000	2.1633471	
Trichobilharzia_regenti_NC_009680	1.8601482	2.1428111	3.6018980	1.7905641	2.5800325	3.5531641	2.1406685	5.1964279	3.4405298	1.9113427	3.7700333	2.2534623	2.1120742	1.3654769	5.4884786	2.2908367	2.1633471	0.0000000	
