Clonorchis_sinensis_MT607652	0.0000000	1.6094154	3.3196527	0.6725459	1.8946520	3.1318747	1.6264708	4.1080267	3.0419057	1.3315662	2.9733776	1.9272187	1.3996041	2.3050914	4.3020557	1.5685402	1.5428926	2.0274832	
Echinococcus_multilocularis_AB018440	1.6094154	0.0000000	3.6353822	1.5367392	1.9458029	3.3778032	0.6176852	3.3979023	3.8181640	1.4907709	3.5896518	1.9499110	0.7180913	2.8062111	3.9117476	1.5988954	0.4804055	2.4533241	
Eudiplozoon_nipponicum_MW704020	3.3196527	3.6353822	0.0000000	3.5853093	3.4685199	1.1746647	2.9466692	4.0652969	1.2331291	2.8387383	1.1952720	2.8235854	3.1223889	3.8662223	4.6726149	2.9810837	3.6479531	3.6754162	
Fasciola_hepatica_AF216697	0.6725459	1.5367392	3.5853093	0.0000000	2.0797478	3.0097481	1.5547747	4.5363161	2.8624957	1.2856929	3.1795519	1.9514552	1.4614573	2.5293389	4.4079988	1.5315356	1.6593607	2.1428795	
Gyrodactylus_salaris_NC_008815	1.8946520	1.9458029	3.4685199	2.0797478	0.0000000	3.3221849	2.0523411	4.4196916	3.6488970	1.2436518	3.2441079	2.0747604	1.7642157	3.1201292	3.7923994	1.6422188	2.0607038	2.6416356	
Heterobothrium_okamotoi_MK948930	3.1318747	3.3778032	1.1746647	3.0097481	3.3221849	0.0000000	2.7972463	4.4122160	0.8348035	3.0660551	1.6434536	3.0474548	3.2478502	3.7095172	4.5410475	2.7883571	3.5132373	3.3375919	
Hymenolepis_microstoma_LC102493	1.6264708	0.6176852	2.9466692	1.5547747	2.0523411	2.7972463	0.0000000	3.2878623	3.1651050	1.4623987	3.2520166	2.2551515	0.6822967	2.8402059	4.1829043	1.6386550	0.5106840	2.5867882	
Macrostomum_lignano_NC_035255	4.1080267	3.3979023	4.0652969	4.5363161	4.4196916	4.4122160	3.2878623	0.0000000	3.6113517	3.5469074	4.1973176	4.9442250	3.3926162	5.4576619	2.8189607	4.0353865	3.4497038	4.6933746	
Microcotyle_sebastis_DQ412044	3.0419057	3.8181640	1.2331291	2.8624957	3.6488970	0.8348035	3.1651050	3.6113517	0.0000000	2.6896134	1.3376303	3.1856871	3.1736861	3.7329105	4.2193285	3.1633339	3.8291705	3.1940325	
Neobenedenia_melleni_JQ038228	1.3315662	1.4907709	2.8387383	1.2856929	1.2436518	3.0660551	1.4623987	3.5469074	2.6896134	0.0000000	2.7527047	1.2182803	1.2966474	2.5575322	3.4453620	1.0647309	1.5392260	2.0624686	
Paradiplozoon_opsariichthydis_MG458327	2.9733776	3.5896518	1.1952720	3.1795519	3.2441079	1.6434536	3.2520166	4.1973176	1.3376303	2.7527047	0.0000000	2.8752988	3.1386490	3.5660272	4.6803754	3.2043649	3.6752783	3.0597183	
Rhabdosynochus_viridisi_MW565922	1.9272187	1.9499110	2.8235854	1.9514552	2.0747604	3.0474548	2.2551515	4.9442250	3.1856871	1.2182803	2.8752988	0.0000000	2.0738798	2.9370685	4.9357956	1.2504596	2.2191776	2.2991843	
Schistocephalus_solidus_AP017669	1.3996041	0.7180913	3.1223889	1.4614573	1.7642157	3.2478502	0.6822967	3.3926162	3.1736861	1.2966474	3.1386490	2.0738798	0.0000000	2.5627426	4.2611022	1.6342949	0.6527368	2.5293490	
Schistosoma_mansoni_AF216698	2.3050914	2.8062111	3.8662223	2.5293389	3.1201292	3.7095172	2.8402059	5.4576619	3.7329105	2.5575322	3.5660272	2.9370685	2.5627426	0.0000000	4.8845050	2.9988222	2.4846495	2.0513443	
Schmidtea_mediterranea_JX398125	4.3020557	3.9117476	4.6726149	4.4079988	3.7923994	4.5410475	4.1829043	2.8189607	4.2193285	3.4453620	4.6803754	4.9357956	4.2611022	4.8845050	0.0000000	4.2100891	4.0975971	4.8112463	
Scutogyrus_longicornis_NC_056186	1.5685402	1.5988954	2.9810837	1.5315356	1.6422188	2.7883571	1.6386550	4.0353865	3.1633339	1.0647309	3.2043649	1.2504596	1.6342949	2.9988222	4.2100891	0.0000000	1.8806383	2.6741169	
Taenia_asiatica_AP017670	1.5428926	0.4804055	3.6479531	1.6593607	2.0607038	3.5132373	0.5106840	3.4497038	3.8291705	1.5392260	3.6752783	2.2191776	0.6527368	2.4846495	4.0975971	1.8806383	0.0000000	2.5714430	
Trichobilharzia_regenti_NC_009680	2.0274832	2.4533241	3.6754162	2.1428795	2.6416356	3.3375919	2.5867882	4.6933746	3.1940325	2.0624686	3.0597183	2.2991843	2.5293490	2.0513443	4.8112463	2.6741169	2.5714430	0.0000000	
