Schmidtea_mediterranea_JX398125	0.0000000	3.9127343	3.9927032	3.0508679	2.8235847	3.5566337	2.1929404	2.2668116	2.7909490	2.4129541	2.2040999	2.7126910	3.5913890	4.3778211	1.9725144	1.8222017	2.3693517	2.0434671	
Gyrodactylus_salaris_NC_008815	3.9127343	0.0000000	2.4603985	3.0220999	2.2500701	2.4106525	1.8172042	1.9714188	1.6949459	1.4280129	1.3036173	2.1420669	3.6084728	3.1709881	1.6283513	1.9215851	1.9400652	3.3873346	
Heterobothrium_okamotoi_MK948930	3.9927032	2.4603985	0.0000000	1.2314088	2.2772293	2.6800390	2.1132081	2.2711157	2.3766916	1.8402721	2.0254460	2.0423368	0.9202053	0.7257788	2.4422633	2.3415512	2.0262327	2.9198946	
Paradiplozoon_opsariichthydis_MG458327	3.0508679	3.0220999	1.2314088	0.0000000	1.6623515	2.7962586	1.7600424	1.7104519	1.9157723	1.9900116	1.5530537	1.5864574	0.8914183	1.0414131	1.8682313	1.9529993	1.7607681	2.9226738	
Trichobilharzia_regenti_NC_009680	2.8235847	2.2500701	2.2772293	1.6623515	0.0000000	1.3115142	1.3226521	1.2387817	1.2649947	1.7169078	1.3766346	1.3842921	2.1998504	2.3227757	1.1387861	1.3979148	1.4485848	2.1669632	
Schistosoma_mansoni_AF216698	3.5566337	2.4106525	2.6800390	2.7962586	1.3115142	0.0000000	2.1091000	1.7766510	1.7326421	2.5824193	1.9580755	2.2020779	3.0539652	2.3023451	1.8376202	1.6805696	1.9946275	3.7385447	
Clonorchis_sinensis_MT607652	2.1929404	1.8172042	2.1132081	1.7600424	1.3226521	2.1091000	0.0000000	0.5734072	1.2536339	1.1128491	1.0417026	1.2341543	2.0238682	1.8757954	1.1328450	1.0787082	1.2425737	2.4039299	
Fasciola_hepatica_AF216697	2.2668116	1.9714188	2.2711157	1.7104519	1.2387817	1.7766510	0.5734072	0.0000000	1.0585003	0.9846544	1.0229572	1.0307095	1.7480514	1.9612899	0.8778400	1.1461307	0.9303951	2.4037318	
Schistocephalus_solidus_AP017669	2.7909490	1.6949459	2.3766916	1.9157723	1.2649947	1.7326421	1.2536339	1.0585003	0.0000000	1.3178621	1.0346703	1.2836809	1.8592315	2.1123802	0.7207658	0.6616455	0.5988721	2.2558439	
Scutogyrus_longicornis_NC_056186	2.4129541	1.4280129	1.8402721	1.9900116	1.7169078	2.5824193	1.1128491	0.9846544	1.3178621	0.0000000	0.8767319	0.8332451	1.7853818	2.0351179	1.2811895	1.2540052	1.1104250	3.5612615	
Neobenedenia_melleni_JQ038228	2.2040999	1.3036173	2.0254460	1.5530537	1.3766346	1.9580755	1.0417026	1.0229572	1.0346703	0.8767319	0.0000000	0.7319071	1.4536897	1.5272762	1.0960688	1.0857128	1.1067170	2.3088811	
Rhabdosynochus_viridisi_MW565922	2.7126910	2.1420669	2.0423368	1.5864574	1.3842921	2.2020779	1.2341543	1.0307095	1.2836809	0.8332451	0.7319071	0.0000000	1.6459209	1.8013502	1.1601998	1.3374996	1.2743258	2.9840490	
Eudiplozoon_nipponicum_MW704020	3.5913890	3.6084728	0.9202053	0.8914183	2.1998504	3.0539652	2.0238682	1.7480514	1.8592315	1.7853818	1.4536897	1.6459209	0.0000000	0.9963449	2.2217649	1.9925658	1.8183789	2.7807494	
Microcotyle_sebastis_DQ412044	4.3778211	3.1709881	0.7257788	1.0414131	2.3227757	2.3023451	1.8757954	1.9612899	2.1123802	2.0351179	1.5272762	1.8013502	0.9963449	0.0000000	2.4937551	2.2724894	1.9191137	2.9375809	
Echinococcus_multilocularis_AB018440	1.9725144	1.6283513	2.4422633	1.8682313	1.1387861	1.8376202	1.1328450	0.8778400	0.7207658	1.2811895	1.0960688	1.1601998	2.2217649	2.4937551	0.0000000	0.4384945	0.5644166	2.0015888	
Taenia_asiatica_AP017670	1.8222017	1.9215851	2.3415512	1.9529993	1.3979148	1.6805696	1.0787082	1.1461307	0.6616455	1.2540052	1.0857128	1.3374996	1.9925658	2.2724894	0.4384945	0.0000000	0.5061336	1.9425123	
Hymenolepis_microstoma_LC102493	2.3693517	1.9400652	2.0262327	1.7607681	1.4485848	1.9946275	1.2425737	0.9303951	0.5988721	1.1104250	1.1067170	1.2743258	1.8183789	1.9191137	0.5644166	0.5061336	0.0000000	2.0573259	
Macrostomum_lignano_NC_035255	2.0434671	3.3873346	2.9198946	2.9226738	2.1669632	3.7385447	2.4039299	2.4037318	2.2558439	3.5612615	2.3088811	2.9840490	2.7807494	2.9375809	2.0015888	1.9425123	2.0573259	0.0000000	
