Heterobothrium_okamotoi_MK948930	0.0000000	2.9585562	2.6558645	1.8424955	3.9430218	3.1381980	1.6167553	4.2062018	3.2842184	3.3345752	4.0703390	8.9999984	4.3158238	3.3543749	3.6375850	3.4217202	3.7021209	4.7555232	
Neobenedenia_melleni_JQ038228	2.9585562	0.0000000	4.3690425	3.3370776	2.4933003	2.2454903	2.2446081	3.4640928	2.5891067	2.6195247	2.5093154	6.8001842	3.5750036	2.6519148	2.5041346	2.2640325	2.6820792	4.7002940	
Paradiplozoon_opsariichthydis_MG458327	2.6558645	4.3690425	0.0000000	1.7800530	2.8565474	3.3308010	2.8511595	3.5897047	3.7057072	4.6543585	3.6104582	4.9530211	8.9999984	3.6415417	3.5197445	3.4619135	3.6557177	5.9055543	
Eudiplozoon_nipponicum_MW704020	1.8424955	3.3370776	1.7800530	0.0000000	2.9955480	3.1511284	2.0583363	4.0296856	3.4428610	2.9116104	2.9030091	7.1296698	7.1499584	2.8709331	3.0047981	3.3585489	3.2412304	4.7396886	
Fasciola_hepatica_AF216697	3.9430218	2.4933003	2.8565474	2.9955480	0.0000000	3.9826215	3.3356225	3.4668643	1.2356241	2.0083845	1.0764406	4.6009723	5.9323467	1.7982350	2.0469155	1.8585414	1.4958357	5.5573884	
Rhabdosynochus_viridisi_MW565922	3.1381980	2.2454903	3.3308010	3.1511284	3.9826215	0.0000000	3.1595039	3.1835657	3.3520982	3.7065136	4.2451822	8.9999989	5.3039888	3.1515128	4.1234400	3.0506085	2.9237617	3.6370355	
Microcotyle_sebastis_DQ412044	1.6167553	2.2446081	2.8511595	2.0583363	3.3356225	3.1595039	0.0000000	3.5988866	3.4191790	3.1184162	4.2566087	8.6028211	4.8092369	3.5753264	4.1797450	3.2785379	3.5112577	5.4580345	
Scutogyrus_longicornis_NC_056186	4.2062018	3.4640928	3.5897047	4.0296856	3.4668643	3.1835657	3.5988866	0.0000000	3.1446016	3.2291662	4.2034522	5.1319857	5.2228226	3.3291513	2.8098819	3.2601487	2.8787117	4.8019558	
Trichobilharzia_regenti_NC_009680	3.2842184	2.5891067	3.7057072	3.4428610	1.2356241	3.3520982	3.4191790	3.1446016	0.0000000	1.3975593	1.7533767	4.4811120	4.9642995	1.8098800	2.1206961	2.0750482	1.7019549	4.1501999	
Schistosoma_mansoni_AF216698	3.3345752	2.6195247	4.6543585	2.9116104	2.0083845	3.7065136	3.1184162	3.2291662	1.3975593	0.0000000	1.8822800	6.2924912	3.8703976	2.4053130	2.9435128	2.6718023	2.6275133	5.5492221	
Clonorchis_sinensis_MT607652	4.0703390	2.5093154	3.6104582	2.9030091	1.0764406	4.2451822	4.2566087	4.2034522	1.7533767	1.8822800	0.0000000	3.8364886	4.0748832	1.8188786	2.3389658	2.2476431	1.8226123	4.4752417	
Schmidtea_mediterranea_JX398125	8.9999984	6.8001842	4.9530211	7.1296698	4.6009723	8.9999989	8.6028211	5.1319857	4.4811120	6.2924912	3.8364886	0.0000000	8.9999984	4.9045215	4.2430558	5.0891154	6.2948907	7.2507664	
Gyrodactylus_salaris_NC_008815	4.3158238	3.5750036	8.9999984	7.1499584	5.9323467	5.3039888	4.8092369	5.2228226	4.9642995	3.8703976	4.0748832	8.9999984	0.0000000	5.6496935	5.0716487	4.1385401	4.1831612	7.3790976	
Hymenolepis_microstoma_LC102493	3.3543749	2.6519148	3.6415417	2.8709331	1.7982350	3.1515128	3.5753264	3.3291513	1.8098800	2.4053130	1.8188786	4.9045215	5.6496935	0.0000000	0.7139241	0.6348431	0.6065403	3.5097937	
Schistocephalus_solidus_AP017669	3.6375850	2.5041346	3.5197445	3.0047981	2.0469155	4.1234400	4.1797450	2.8098819	2.1206961	2.9435128	2.3389658	4.2430558	5.0716487	0.7139241	0.0000000	0.8282295	0.8237700	3.9362930	
Taenia_asiatica_AP017670	3.4217202	2.2640325	3.4619135	3.3585489	1.8585414	3.0506085	3.2785379	3.2601487	2.0750482	2.6718023	2.2476431	5.0891154	4.1385401	0.6348431	0.8282295	0.0000000	0.4009036	3.4326600	
Echinococcus_multilocularis_AB018440	3.7021209	2.6820792	3.6557177	3.2412304	1.4958357	2.9237617	3.5112577	2.8787117	1.7019549	2.6275133	1.8226123	6.2948907	4.1831612	0.6065403	0.8237700	0.4009036	0.0000000	3.6169882	
Macrostomum_lignano_NC_035255	4.7555232	4.7002940	5.9055543	4.7396886	5.5573884	3.6370355	5.4580345	4.8019558	4.1501999	5.5492221	4.4752417	7.2507664	7.3790976	3.5097937	3.9362930	3.4326600	3.6169882	0.0000000	
