Clonorchis_sinensis_MT607652	0.0000000	2.6250747	4.8516930	1.3705093	4.9680099	4.5943677	2.5444772	7.2665189	5.5663002	3.5516629	6.1069422	6.1158171	2.6651475	2.8824613	7.1317619	4.6690111	2.8150464	2.2154765	
Echinococcus_multilocularis_AB018440	2.6250747	0.0000000	4.8993857	2.3486186	5.1675648	4.9073860	0.6672171	5.9878748	4.6792974	3.3609442	4.9519775	4.8686751	0.9419669	3.1410343	8.9999989	4.3883738	0.3673880	2.6728389	
Eudiplozoon_nipponicum_MW704020	4.8516930	4.8993857	0.0000000	4.7998372	5.3729745	2.0842035	4.2140282	6.7570569	2.6485806	4.9172821	2.4766111	4.9772565	4.6127455	4.6705154	7.3887169	4.8611960	4.8083732	4.0467194	
Fasciola_hepatica_AF216697	1.3705093	2.3486186	4.7998372	0.0000000	5.3951622	4.5937804	2.4918111	7.7899749	4.6783440	3.6669333	5.0304217	5.1274016	2.5083841	2.5357764	7.5257191	4.4820630	2.4736024	1.8177346	
Gyrodactylus_salaris_NC_008815	4.9680099	5.1675648	5.3729745	5.3951622	0.0000000	4.9649413	4.9842394	8.4831530	6.0845425	4.8648365	7.7260990	5.8220434	4.7908623	4.4462009	8.0356594	5.5376757	4.9292683	4.2792942	
Heterobothrium_okamotoi_MK948930	4.5943677	4.9073860	2.0842035	4.5937804	4.9649413	0.0000000	4.1106862	5.5385057	2.4976181	4.9597090	3.0998674	5.2449807	4.5674002	4.3805637	8.2427136	5.0254931	4.7351245	4.0155489	
Hymenolepis_microstoma_LC102493	2.5444772	0.6672171	4.2140282	2.4918111	4.9842394	4.1106862	0.0000000	6.7309782	4.5984350	3.5355985	4.8913544	5.1761052	0.6811881	2.6702600	8.0752524	4.9774949	0.7655751	2.3995427	
Macrostomum_lignano_NC_035255	7.2665189	5.9878748	6.7570569	7.7899749	8.4831530	5.5385057	6.7309782	0.0000000	7.0379180	5.8778635	8.5952192	6.1582632	6.4313057	7.2386656	8.9999989	6.5004097	6.5133230	5.5313894	
Microcotyle_sebastis_DQ412044	5.5663002	4.6792974	2.6485806	4.6783440	6.0845425	2.4976181	4.5984350	7.0379180	0.0000000	4.5127424	3.1673316	5.0090359	4.6174565	5.3497360	8.5090943	6.0807919	4.5023465	4.4475366	
Neobenedenia_melleni_JQ038228	3.5516629	3.3609442	4.9172821	3.6669333	4.8648365	4.9597090	3.5355985	5.8778635	4.5127424	0.0000000	6.3453649	4.2351904	3.2794725	3.3039782	8.1587215	4.5166942	3.1056864	2.7021655	
Paradiplozoon_opsariichthydis_MG458327	6.1069422	4.9519775	2.4766111	5.0304217	7.7260990	3.0998674	4.8913544	8.5952192	3.1673316	6.3453649	0.0000000	5.1073685	4.3187966	5.8665769	8.9999988	6.1083249	4.4552791	4.6628207	
Rhabdosynochus_viridisi_MW565922	6.1158171	4.8686751	4.9772565	5.1274016	5.8220434	5.2449807	5.1761052	6.1582632	5.0090359	4.2351904	5.1073685	0.0000000	5.1548548	4.8637290	8.9999984	4.3318267	5.1404928	4.5814735	
Schistocephalus_solidus_AP017669	2.6651475	0.9419669	4.6127455	2.5083841	4.7908623	4.5674002	0.6811881	6.4313057	4.6174565	3.2794725	4.3187966	5.1548548	0.0000000	2.6649743	8.1338063	4.3143136	0.8443328	2.7652957	
Schistosoma_mansoni_AF216698	2.8824613	3.1410343	4.6705154	2.5357764	4.4462009	4.3805637	2.6702600	7.2386656	5.3497360	3.3039782	5.8665769	4.8637290	2.6649743	0.0000000	8.9554073	4.1694919	3.0560214	1.5097049	
Schmidtea_mediterranea_JX398125	7.1317619	8.9999989	7.3887169	7.5257191	8.0356594	8.2427136	8.0752524	8.9999989	8.5090943	8.1587215	8.9999988	8.9999984	8.1338063	8.9554073	0.0000000	8.9999986	8.9999989	6.2779565	
Scutogyrus_longicornis_NC_056186	4.6690111	4.3883738	4.8611960	4.4820630	5.5376757	5.0254931	4.9774949	6.5004097	6.0807919	4.5166942	6.1083249	4.3318267	4.3143136	4.1694919	8.9999986	0.0000000	4.5943411	4.2878315	
Taenia_asiatica_AP017670	2.8150464	0.3673880	4.8083732	2.4736024	4.9292683	4.7351245	0.7655751	6.5133230	4.5023465	3.1056864	4.4552791	5.1404928	0.8443328	3.0560214	8.9999989	4.5943411	0.0000000	2.6661180	
Trichobilharzia_regenti_NC_009680	2.2154765	2.6728389	4.0467194	1.8177346	4.2792942	4.0155489	2.3995427	5.5313894	4.4475366	2.7021655	4.6628207	4.5814735	2.7652957	1.5097049	6.2779565	4.2878315	2.6661180	0.0000000	
