Clonorchis_sinensis_MT607652	0.0000000	1.2188116	2.8605234	0.8165056	2.3985026	2.2964545	1.2783043	4.4099377	3.3625297	1.2557696	2.4480442	2.2297738	1.1382269	1.9560772	4.9844972	1.5177747	1.4054922	1.3616219	
Echinococcus_multilocularis_AB018440	1.2188116	0.0000000	3.4877707	1.2717917	1.9648731	2.3113621	0.6321259	4.1017715	3.4740964	1.3141572	2.7093105	1.6670883	0.7610722	1.5618318	4.5099330	1.8101444	0.4769629	1.6966665	
Eudiplozoon_nipponicum_MW704020	2.8605234	3.4877707	0.0000000	3.6983786	3.7606772	1.2575834	2.3309303	4.7836038	0.8335682	2.5656177	1.0136210	3.1479851	2.8693321	2.9671047	6.1349552	2.3089052	3.1873976	3.3971323	
Fasciola_hepatica_AF216697	0.8165056	1.2717917	3.6983786	0.0000000	2.1606195	1.8681186	1.4533790	4.1416596	3.1847286	1.0693174	2.5159299	1.8310490	1.2537018	1.9497998	4.6051565	2.0958171	1.3083099	1.6042337	
Gyrodactylus_salaris_NC_008815	2.3985026	1.9648731	3.7606772	2.1606195	0.0000000	2.2680715	2.1606696	5.5957390	3.2999337	1.9421552	3.0062299	2.0499826	2.2900831	2.7584239	6.0335080	1.9778626	2.1653371	2.3817524	
Heterobothrium_okamotoi_MK948930	2.2964545	2.3113621	1.2575834	1.8681186	2.2680715	0.0000000	2.2197620	3.4332767	0.3820310	2.0551885	1.1536404	1.6618933	2.8254427	2.3555763	4.2223784	1.6312721	2.7636129	2.2950101	
Hymenolepis_microstoma_LC102493	1.2783043	0.6321259	2.3309303	1.4533790	2.1606696	2.2197620	0.0000000	6.1390850	3.4510229	1.5171228	2.8012682	1.8334240	0.3912775	1.9407120	3.9679241	1.6247257	0.9378597	1.8547801	
Macrostomum_lignano_NC_035255	4.4099377	4.1017715	4.7836038	4.1416596	5.5957390	3.4332767	6.1390850	0.0000000	4.3875926	2.7766433	5.1568217	4.2151521	5.1658748	5.9684073	2.7438037	3.8154833	4.3694045	4.0836387	
Microcotyle_sebastis_DQ412044	3.3625297	3.4740964	0.8335682	3.1847286	3.2999337	0.3820310	3.4510229	4.3875926	0.0000000	2.9711158	1.2661322	3.1816162	3.6473139	3.1682326	5.3943552	2.4551141	3.7312043	3.1439750	
Neobenedenia_melleni_JQ038228	1.2557696	1.3141572	2.5656177	1.0693174	1.9421552	2.0551885	1.5171228	2.7766433	2.9711158	0.0000000	3.0397606	1.0661810	1.5528671	1.4846133	3.6411585	0.9675081	1.4812174	1.5242648	
Paradiplozoon_opsariichthydis_MG458327	2.4480442	2.7093105	1.0136210	2.5159299	3.0062299	1.1536404	2.8012682	5.1568217	1.2661322	3.0397606	0.0000000	2.7802787	3.2764589	2.9339840	5.9639819	2.7417001	3.0983288	2.3876005	
Rhabdosynochus_viridisi_MW565922	2.2297738	1.6670883	3.1479851	1.8310490	2.0499826	1.6618933	1.8334240	4.2151521	3.1816162	1.0661810	2.7802787	0.0000000	1.8397929	1.6318566	4.4019151	1.4013516	1.6103836	1.8306022	
Schistocephalus_solidus_AP017669	1.1382269	0.7610722	2.8693321	1.2537018	2.2900831	2.8254427	0.3912775	5.1658748	3.6473139	1.5528671	3.2764589	1.8397929	0.0000000	2.0258675	4.5722472	1.6785095	0.8089037	1.7564046	
Schistosoma_mansoni_AF216698	1.9560772	1.5618318	2.9671047	1.9497998	2.7584239	2.3555763	1.9407120	5.9684073	3.1682326	1.4846133	2.9339840	1.6318566	2.0258675	0.0000000	6.3273774	2.0922999	2.3472925	1.7934783	
Schmidtea_mediterranea_JX398125	4.9844972	4.5099330	6.1349552	4.6051565	6.0335080	4.2223784	3.9679241	2.7438037	5.3943552	3.6411585	5.9639819	4.4019151	4.5722472	6.3273774	0.0000000	4.7064796	4.4822006	4.5663025	
Scutogyrus_longicornis_NC_056186	1.5177747	1.8101444	2.3089052	2.0958171	1.9778626	1.6312721	1.6247257	3.8154833	2.4551141	0.9675081	2.7417001	1.4013516	1.6785095	2.0922999	4.7064796	0.0000000	1.6419435	2.2558267	
Taenia_asiatica_AP017670	1.4054922	0.4769629	3.1873976	1.3083099	2.1653371	2.7636129	0.9378597	4.3694045	3.7312043	1.4812174	3.0983288	1.6103836	0.8089037	2.3472925	4.4822006	1.6419435	0.0000000	1.6742281	
Trichobilharzia_regenti_NC_009680	1.3616219	1.6966665	3.3971323	1.6042337	2.3817524	2.2950101	1.8547801	4.0836387	3.1439750	1.5242648	2.3876005	1.8306022	1.7564046	1.7934783	4.5663025	2.2558267	1.6742281	0.0000000	
