Schistocephalus_solidus_AP017669	0.0000000	2.6647086	2.9676163	2.2812094	1.8838988	6.4168338	0.9602325	0.9120350	1.9727004	0.8965322	1.8261989	3.1649274	2.3328920	6.1051195	2.5446718	2.3972279	2.2588378	2.8620028	
Scutogyrus_longicornis_NC_056186	2.6647086	0.0000000	2.8252901	3.0619240	2.6234611	4.7195567	2.5096828	2.5032527	2.3470767	2.4154267	2.2155382	2.9045617	2.2787924	5.5578408	2.6295906	2.9949281	2.5722539	2.6160657	
Schistosoma_mansoni_AF216698	2.9676163	2.8252901	0.0000000	2.8356110	3.0176114	6.4984444	2.6836354	3.2061208	2.4959547	3.2009277	3.0943575	4.0146755	3.0319786	5.2268020	1.5880663	3.0599901	3.3637540	3.3680492	
Eudiplozoon_nipponicum_MW704020	2.2812094	3.0619240	2.8356110	0.0000000	2.4720675	4.6288552	2.1714573	2.6714832	2.3703966	2.3888885	2.8325781	4.5597299	2.7748743	6.8797963	2.3436552	1.6879016	1.1306381	1.3822878	
Clonorchis_sinensis_MT607652	1.8838988	2.6234611	3.0176114	2.4720675	0.0000000	5.6069565	1.8888300	2.0389130	0.9607126	2.3662258	2.3199022	3.4139884	2.5001886	5.2022281	2.5589440	3.0504595	2.4004539	2.8774620	
Schmidtea_mediterranea_JX398125	6.4168338	4.7195567	6.4984444	4.6288552	5.6069565	0.0000000	3.7154620	4.5882935	4.4935335	5.1631103	4.7400365	8.9999990	3.6660692	3.9814691	5.3654852	8.9999989	4.7643106	6.4392641	
Echinococcus_multilocularis_AB018440	0.9602325	2.5096828	2.6836354	2.1714573	1.8888300	3.7154620	0.0000000	0.5061658	1.6516300	0.7383937	2.1713236	4.1303862	2.0134073	5.1443952	2.3735716	2.3584566	2.3236948	2.5789360	
Taenia_asiatica_AP017670	0.9120350	2.5032527	3.2061208	2.6714832	2.0389130	4.5882935	0.5061658	0.0000000	1.6247745	0.7044518	1.9703131	3.3819587	2.1552533	5.2959985	2.3050991	2.7007287	2.6387985	2.7891446	
Fasciola_hepatica_AF216697	1.9727004	2.3470767	2.4959547	2.3703966	0.9607126	4.4935335	1.6516300	1.6247745	0.0000000	2.0861337	2.1880719	3.8033839	2.3850433	4.9313921	2.1441947	2.6710248	2.4041326	2.4241555	
Hymenolepis_microstoma_LC102493	0.8965322	2.4154267	3.2009277	2.3888885	2.3662258	5.1631103	0.7383937	0.7044518	2.0861337	0.0000000	1.9144914	3.6768887	2.2923462	4.6146901	2.3912853	2.0928686	2.6752603	2.4449386	
Neobenedenia_melleni_JQ038228	1.8261989	2.2155382	3.0943575	2.8325781	2.3199022	4.7400365	2.1713236	1.9703131	2.1880719	1.9144914	0.0000000	2.6163909	1.2601515	5.1884781	2.0757046	2.9989991	2.3865642	2.5784877	
Gyrodactylus_salaris_NC_008815	3.1649274	2.9045617	4.0146755	4.5597299	3.4139884	8.9999990	4.1303862	3.3819587	3.8033839	3.6768887	2.6163909	0.0000000	3.4082979	8.1228618	4.1619862	3.4904364	4.0658028	2.4683992	
Rhabdosynochus_viridisi_MW565922	2.3328920	2.2787924	3.0319786	2.7748743	2.5001886	3.6660692	2.0134073	2.1552533	2.3850433	2.2923462	1.2601515	3.4082979	0.0000000	4.5001541	3.0345080	3.0223235	2.2878080	2.5536505	
Macrostomum_lignano_NC_035255	6.1051195	5.5578408	5.2268020	6.8797963	5.2022281	3.9814691	5.1443952	5.2959985	4.9313921	4.6146901	5.1884781	8.1228618	4.5001541	0.0000000	5.9290032	5.7896750	6.4959899	5.5043926	
Trichobilharzia_regenti_NC_009680	2.5446718	2.6295906	1.5880663	2.3436552	2.5589440	5.3654852	2.3735716	2.3050991	2.1441947	2.3912853	2.0757046	4.1619862	3.0345080	5.9290032	0.0000000	2.7144532	2.4784693	3.2856712	
Heterobothrium_okamotoi_MK948930	2.3972279	2.9949281	3.0599901	1.6879016	3.0504595	8.9999989	2.3584566	2.7007287	2.6710248	2.0928686	2.9989991	3.4904364	3.0223235	5.7896750	2.7144532	0.0000000	1.7282183	1.3091073	
Paradiplozoon_opsariichthydis_MG458327	2.2588378	2.5722539	3.3637540	1.1306381	2.4004539	4.7643106	2.3236948	2.6387985	2.4041326	2.6752603	2.3865642	4.0658028	2.2878080	6.4959899	2.4784693	1.7282183	0.0000000	1.8093095	
Microcotyle_sebastis_DQ412044	2.8620028	2.6160657	3.3680492	1.3822878	2.8774620	6.4392641	2.5789360	2.7891446	2.4241555	2.4449386	2.5784877	2.4683992	2.5536505	5.5043926	3.2856712	1.3091073	1.8093095	0.0000000	
