Clonorchis_sinensis_MT607652	0.0000000	0.6151458	1.3630338	0.2972273	2.4846395	1.7538006	0.6701949	3.6038962	1.4615169	1.1651636	1.5239008	1.1934388	0.5718815	1.9193242	3.6209428	1.6364081	0.5753111	1.9965516	
Echinococcus_multilocularis_AB018440	0.6151458	0.0000000	1.3852989	0.6878097	1.8999084	1.2756205	0.3012338	2.5622897	1.3475357	0.9417563	1.3479817	1.0230406	0.3793243	1.6993391	3.7706015	1.5172519	0.2301714	1.7718212	
Eudiplozoon_nipponicum_MW704020	1.3630338	1.3852989	0.0000000	1.3230511	2.4697661	1.2191379	1.3040972	3.4874769	0.8997641	1.4732106	0.5095323	1.6433833	1.1963662	2.8816300	4.8819104	1.8427801	1.4418208	2.4745695	
Fasciola_hepatica_AF216697	0.2972273	0.6878097	1.3230511	0.0000000	2.3145150	1.2982752	0.6038724	2.4744274	1.1415479	1.0357861	1.3365700	1.0969776	0.6514545	1.7444743	3.2909641	1.6724384	0.5115014	1.7167102	
Gyrodactylus_salaris_NC_008815	2.4846395	1.8999084	2.4697661	2.3145150	0.0000000	2.5886381	2.0093125	3.5325733	2.0465215	1.6783067	2.1296392	1.7077658	2.0587221	3.0419635	4.4711364	1.8914929	1.9248075	2.6859418	
Heterobothrium_okamotoi_MK948930	1.7538006	1.2756205	1.2191379	1.2982752	2.5886381	0.0000000	1.2956239	2.5017526	0.6920858	1.1823391	1.1395856	1.4344173	1.5254464	1.9956989	4.0587213	1.9669083	1.1168328	2.0608502	
Hymenolepis_microstoma_LC102493	0.6701949	0.3012338	1.3040972	0.6038724	2.0093125	1.2956239	0.0000000	2.4994991	1.2079102	0.8650079	1.2723905	1.0697374	0.2970866	1.6741918	3.7092060	1.5347835	0.2990955	1.8288698	
Macrostomum_lignano_NC_035255	3.6038962	2.5622897	3.4874769	2.4744274	3.5325733	2.5017526	2.4994991	0.0000000	2.6140657	2.2805850	3.1008742	3.6477705	3.4047400	2.9072185	2.3670140	2.8531577	2.3347757	2.9530762	
Microcotyle_sebastis_DQ412044	1.4615169	1.3475357	0.8997641	1.1415479	2.0465215	0.6920858	1.2079102	2.6140657	0.0000000	1.5150388	1.0631153	1.5847921	1.1800469	2.1265859	3.9052057	2.1893949	1.2775632	1.7438677	
Neobenedenia_melleni_JQ038228	1.1651636	0.9417563	1.4732106	1.0357861	1.6783067	1.1823391	0.8650079	2.2805850	1.5150388	0.0000000	1.0477782	0.5586976	0.9938378	2.0419592	3.7932339	1.0537836	0.7849858	2.0701903	
Paradiplozoon_opsariichthydis_MG458327	1.5239008	1.3479817	0.5095323	1.3365700	2.1296392	1.1395856	1.2723905	3.1008742	1.0631153	1.0477782	0.0000000	1.5766234	1.2978257	2.3951018	5.3542300	1.8103980	1.4661532	2.5888552	
Rhabdosynochus_viridisi_MW565922	1.1934388	1.0230406	1.6433833	1.0969776	1.7077658	1.4344173	1.0697374	3.6477705	1.5847921	0.5586976	1.5766234	0.0000000	0.9964073	2.9269083	4.7116142	1.0980771	1.0779990	2.2920411	
Schistocephalus_solidus_AP017669	0.5718815	0.3793243	1.1963662	0.6514545	2.0587221	1.5254464	0.2970866	3.4047400	1.1800469	0.9938378	1.2978257	0.9964073	0.0000000	2.0723938	4.4057121	1.5310300	0.4241038	2.1840660	
Schistosoma_mansoni_AF216698	1.9193242	1.6993391	2.8816300	1.7444743	3.0419635	1.9956989	1.6741918	2.9072185	2.1265859	2.0419592	2.3951018	2.9269083	2.0723938	0.0000000	4.0776399	3.3511533	1.8743180	0.9224699	
Schmidtea_mediterranea_JX398125	3.6209428	3.7706015	4.8819104	3.2909641	4.4711364	4.0587213	3.7092060	2.3670140	3.9052057	3.7932339	5.3542300	4.7116142	4.4057121	4.0776399	0.0000000	5.8692435	4.1470824	3.1383858	
Scutogyrus_longicornis_NC_056186	1.6364081	1.5172519	1.8427801	1.6724384	1.8914929	1.9669083	1.5347835	2.8531577	2.1893949	1.0537836	1.8103980	1.0980771	1.5310300	3.3511533	5.8692435	0.0000000	1.5242608	2.7756718	
Taenia_asiatica_AP017670	0.5753111	0.2301714	1.4418208	0.5115014	1.9248075	1.1168328	0.2990955	2.3347757	1.2775632	0.7849858	1.4661532	1.0779990	0.4241038	1.8743180	4.1470824	1.5242608	0.0000000	1.4217207	
Trichobilharzia_regenti_NC_009680	1.9965516	1.7718212	2.4745695	1.7167102	2.6859418	2.0608502	1.8288698	2.9530762	1.7438677	2.0701903	2.5888552	2.2920411	2.1840660	0.9224699	3.1383858	2.7756718	1.4217207	0.0000000	
