Scutogyrus_longicornis_NC_056186	0.0000000	3.1608229	2.0370386	2.5683500	8.9999989	3.2844277	1.8699493	1.9719857	3.0092239	2.6243471	2.0771286	2.2681895	2.6996128	2.6162057	3.8107032	7.2436814	5.9795972	5.3528175	
Fasciola_hepatica_AF216697	3.1608229	0.0000000	2.2445719	2.1075577	7.8115404	4.4677328	0.7587145	1.0856596	0.9966546	1.1786063	1.4380735	2.5676388	2.0775725	1.8692938	1.9668308	1.9849166	2.5256746	8.9999989	
Rhabdosynochus_viridisi_MW565922	2.0370386	2.2445719	0.0000000	3.3091547	8.9999988	4.0108197	1.9488498	1.8063406	2.8274452	1.6271482	1.6784274	1.2586825	2.8216475	2.2620712	3.9017756	3.7873830	3.0250171	6.0013798	
Eudiplozoon_nipponicum_MW704020	2.5683500	2.1075577	3.3091547	0.0000000	5.6270912	4.3579518	2.4023801	2.2900332	2.1481381	2.6995185	2.2914772	2.3822459	1.7859714	1.4151885	0.8453576	5.7369185	4.8857127	5.7085621	
Schmidtea_mediterranea_JX398125	8.9999989	7.8115404	8.9999988	5.6270912	0.0000000	6.7504229	6.6207690	5.0202122	4.6413793	4.1396004	4.1416848	5.9366885	8.5412535	8.3676170	4.3390377	8.9999984	5.9397588	6.1062965	
Gyrodactylus_salaris_NC_008815	3.2844277	4.4677328	4.0108197	4.3579518	6.7504229	0.0000000	4.7694187	4.0870505	2.9373993	3.8188228	2.8581618	2.7043493	4.6628769	3.2155286	4.4019253	4.4198865	5.2720803	7.2068095	
Clonorchis_sinensis_MT607652	1.8699493	0.7587145	1.9488498	2.4023801	6.6207690	4.7694187	0.0000000	1.2353336	1.2685076	1.1871809	1.2069393	2.2183664	2.4179676	3.0872899	2.9999342	2.6977175	2.1189877	8.7745123	
Echinococcus_multilocularis_AB018440	1.9719857	1.0856596	1.8063406	2.2900332	5.0202122	4.0870505	1.2353336	0.0000000	0.8296081	0.3931647	0.9571525	1.7593023	2.5771268	2.5501923	2.5509899	2.8097597	2.7132538	4.6488128	
Hymenolepis_microstoma_LC102493	3.0092239	0.9966546	2.8274452	2.1481381	4.6413793	2.9373993	1.2685076	0.8296081	0.0000000	0.5903384	0.6819761	2.2563188	2.7809831	2.0412141	2.2679225	2.6662821	3.3744361	4.8887382	
Taenia_asiatica_AP017670	2.6243471	1.1786063	1.6271482	2.6995185	4.1396004	3.8188228	1.1871809	0.3931647	0.5903384	0.0000000	0.9078271	1.4581761	2.7116509	2.5008566	3.0106520	2.9434403	1.9785151	5.7392458	
Schistocephalus_solidus_AP017669	2.0771286	1.4380735	1.6784274	2.2914772	4.1416848	2.8581618	1.2069393	0.9571525	0.6819761	0.9078271	0.0000000	2.3297302	3.0329672	1.7139719	2.0641382	2.6382376	3.4863829	8.9999982	
Neobenedenia_melleni_JQ038228	2.2681895	2.5676388	1.2586825	2.3822459	5.9366885	2.7043493	2.2183664	1.7593023	2.2563188	1.4581761	2.3297302	0.0000000	2.1103831	2.3554649	2.3060684	3.5832380	4.1452083	4.2732085	
Heterobothrium_okamotoi_MK948930	2.6996128	2.0775725	2.8216475	1.7859714	8.5412535	4.6628769	2.4179676	2.5771268	2.7809831	2.7116509	3.0329672	2.1103831	0.0000000	1.1976148	2.1234046	5.1419627	6.5432731	5.7288113	
Microcotyle_sebastis_DQ412044	2.6162057	1.8692938	2.2620712	1.4151885	8.3676170	3.2155286	3.0872899	2.5501923	2.0412141	2.5008566	1.7139719	2.3554649	1.1976148	0.0000000	1.9471315	3.7355494	3.8311755	6.3056891	
Paradiplozoon_opsariichthydis_MG458327	3.8107032	1.9668308	3.9017756	0.8453576	4.3390377	4.4019253	2.9999342	2.5509899	2.2679225	3.0106520	2.0641382	2.3060684	2.1234046	1.9471315	0.0000000	5.6047693	6.8031955	5.4666404	
Schistosoma_mansoni_AF216698	7.2436814	1.9849166	3.7873830	5.7369185	8.9999984	4.4198865	2.6977175	2.8097597	2.6662821	2.9434403	2.6382376	3.5832380	5.1419627	3.7355494	5.6047693	0.0000000	1.4110975	5.8929210	
Trichobilharzia_regenti_NC_009680	5.9795972	2.5256746	3.0250171	4.8857127	5.9397588	5.2720803	2.1189877	2.7132538	3.3744361	1.9785151	3.4863829	4.1452083	6.5432731	3.8311755	6.8031955	1.4110975	0.0000000	8.9999989	
Macrostomum_lignano_NC_035255	5.3528175	8.9999989	6.0013798	5.7085621	6.1062965	7.2068095	8.7745123	4.6488128	4.8887382	5.7392458	8.9999982	4.2732085	5.7288113	6.3056891	5.4666404	5.8929210	8.9999989	0.0000000	
