Clonorchis_sinensis_MT607652	0.0000000	1.4949290	2.4143536	0.7175819	2.6142006	2.3821469	1.4324581	5.3500638	2.3986087	1.8055641	2.5532829	2.2102270	1.4201672	2.4232944	5.5375298	2.2756143	1.5285527	2.1848530	
Echinococcus_multilocularis_AB018440	1.4949290	0.0000000	2.7555761	1.2983037	2.3519119	2.4473341	0.5369001	5.3289499	2.3114107	1.7307811	2.7085144	2.1868332	0.5845522	2.4684270	5.5156826	2.1017647	0.3198531	2.4569702	
Eudiplozoon_nipponicum_MW704020	2.4143536	2.7555761	0.0000000	2.2726640	2.8995751	1.4066493	2.5923629	5.9890647	1.2473577	2.8045027	1.2792761	2.9277991	2.3811144	2.9040875	6.5577013	2.8307694	2.8026319	2.7626781	
Fasciola_hepatica_AF216697	0.7175819	1.2983037	2.2726640	0.0000000	2.4460381	2.0941428	1.3386667	5.4503102	2.0128821	1.6807146	2.4109423	1.9505172	1.4140327	2.2045398	5.3858774	2.0977020	1.2633580	2.1080427	
Gyrodactylus_salaris_NC_008815	2.6142006	2.3519119	2.8995751	2.4460381	0.0000000	2.8915646	2.3855031	5.3268107	2.4501103	1.6939077	2.9304383	2.2641240	2.6501527	3.0837885	5.6068494	2.3372669	2.4020324	2.8413649	
Heterobothrium_okamotoi_MK948930	2.3821469	2.4473341	1.4066493	2.0941428	2.8915646	0.0000000	2.2036051	5.7572861	1.0606016	2.6377573	1.3415076	2.8619661	2.1984937	2.6769755	6.7458291	2.9777007	2.4706917	2.6866493	
Hymenolepis_microstoma_LC102493	1.4324581	0.5369001	2.5923629	1.3386667	2.3855031	2.2036051	0.0000000	4.7743803	2.2613420	1.6330928	2.7631783	2.0868349	0.6286719	2.4512504	5.2352370	2.1665142	0.4330121	2.6430964	
Macrostomum_lignano_NC_035255	5.3500638	5.3289499	5.9890647	5.4503102	5.3268107	5.7572861	4.7743803	0.0000000	5.1193854	4.5848833	6.4570985	4.5163949	5.3867891	4.3116958	3.5096216	5.5203542	5.2201422	4.4931078	
Microcotyle_sebastis_DQ412044	2.3986087	2.3114107	1.2473577	2.0128821	2.4501103	1.0606016	2.2613420	5.1193854	0.0000000	2.3523420	1.4403603	2.6604712	2.2180580	2.7264281	6.4837005	2.3216138	2.1781267	2.8153836	
Neobenedenia_melleni_JQ038228	1.8055641	1.7307811	2.8045027	1.6807146	1.6939077	2.6377573	1.6330928	4.5848833	2.3523420	0.0000000	2.2910980	1.4678420	1.6228403	2.3185173	5.2701828	1.6235906	1.7540708	2.1587405	
Paradiplozoon_opsariichthydis_MG458327	2.5532829	2.7085144	1.2792761	2.4109423	2.9304383	1.3415076	2.7631783	6.4570985	1.4403603	2.2910980	0.0000000	2.6006354	2.1991158	2.7980133	6.0710224	2.4597839	2.7914039	2.7678510	
Rhabdosynochus_viridisi_MW565922	2.2102270	2.1868332	2.9277991	1.9505172	2.2641240	2.8619661	2.0868349	4.5163949	2.6604712	1.4678420	2.6006354	0.0000000	2.2663380	2.9589207	4.5895835	2.0693459	2.1939316	2.9541053	
Schistocephalus_solidus_AP017669	1.4201672	0.5845522	2.3811144	1.4140327	2.6501527	2.1984937	0.6286719	5.3867891	2.2180580	1.6228403	2.1991158	2.2663380	0.0000000	2.6329305	5.5481608	2.1760497	0.5438339	2.4950637	
Schistosoma_mansoni_AF216698	2.4232944	2.4684270	2.9040875	2.2045398	3.0837885	2.6769755	2.4512504	4.3116958	2.7264281	2.3185173	2.7980133	2.9589207	2.6329305	0.0000000	6.0873620	2.7409241	2.5397767	1.3578483	
Schmidtea_mediterranea_JX398125	5.5375298	5.5156826	6.5577013	5.3858774	5.6068494	6.7458291	5.2352370	3.5096216	6.4837005	5.2701828	6.0710224	4.5895835	5.5481608	6.0873620	0.0000000	5.8592598	5.1340018	5.4885752	
Scutogyrus_longicornis_NC_056186	2.2756143	2.1017647	2.8307694	2.0977020	2.3372669	2.9777007	2.1665142	5.5203542	2.3216138	1.6235906	2.4597839	2.0693459	2.1760497	2.7409241	5.8592598	0.0000000	2.2508952	2.2829145	
Taenia_asiatica_AP017670	1.5285527	0.3198531	2.8026319	1.2633580	2.4020324	2.4706917	0.4330121	5.2201422	2.1781267	1.7540708	2.7914039	2.1939316	0.5438339	2.5397767	5.1340018	2.2508952	0.0000000	2.6117526	
Trichobilharzia_regenti_NC_009680	2.1848530	2.4569702	2.7626781	2.1080427	2.8413649	2.6866493	2.6430964	4.4931078	2.8153836	2.1587405	2.7678510	2.9541053	2.4950637	1.3578483	5.4885752	2.2829145	2.6117526	0.0000000	
