Clonorchis_sinensis_MT607652	0.0000000	2.7496173	2.7114128	1.8959494	3.6489516	2.8946055	2.5235966	6.7634467	3.2466012	2.5504904	4.0541118	3.2520420	2.5947776	3.2889909	7.0029980	3.1412854	2.5771678	2.9588540	
Echinococcus_multilocularis_AB018440	2.7496173	0.0000000	2.6084110	2.4659550	3.0885735	2.6947170	0.8320953	5.0812093	2.9411917	2.3919433	3.4812331	2.7727616	0.9556523	2.9382197	5.8979153	2.6442789	0.5609618	2.8860435	
Eudiplozoon_nipponicum_MW704020	2.7114128	2.6084110	0.0000000	2.5458643	3.1874275	1.8864079	2.7681618	5.2179628	1.5525933	2.4052375	2.6990542	2.6329467	3.1443689	2.9279507	4.9370947	2.8456646	2.5776187	3.1096474	
Fasciola_hepatica_AF216697	1.8959494	2.4659550	2.5458643	0.0000000	3.4356289	2.8426843	2.2182679	5.9932067	2.9816147	2.4273045	3.5574184	2.8215096	2.4890028	3.0202381	6.9868299	2.5153157	2.1805817	3.1906189	
Gyrodactylus_salaris_NC_008815	3.6489516	3.0885735	3.1874275	3.4356289	0.0000000	2.9584880	2.7515323	6.0913999	3.3240616	2.7697225	4.1774703	3.1710546	2.6925996	3.4342143	6.8287319	3.3291151	3.0737118	4.1192686	
Heterobothrium_okamotoi_MK948930	2.8946055	2.6947170	1.8864079	2.8426843	2.9584880	0.0000000	2.7336688	5.5660579	1.4369027	3.0556503	3.3015076	2.8308378	2.7961797	3.2350459	6.8149069	3.2188962	2.5624539	3.0220868	
Hymenolepis_microstoma_LC102493	2.5235966	0.8320953	2.7681618	2.2182679	2.7515323	2.7336688	0.0000000	5.0213029	3.1329801	2.4458762	3.2959668	2.7021711	0.9348305	2.7359944	5.2150149	2.5996372	0.9108215	3.1003255	
Macrostomum_lignano_NC_035255	6.7634467	5.0812093	5.2179628	5.9932067	6.0913999	5.5660579	5.0213029	0.0000000	5.3332207	6.1864158	5.1486840	5.4769928	5.3584606	5.6048854	3.1914637	5.4841367	5.0044737	5.9339445	
Microcotyle_sebastis_DQ412044	3.2466012	2.9411917	1.5525933	2.9816147	3.3240616	1.4369027	3.1329801	5.3332207	0.0000000	2.8239056	3.4071641	3.0827797	3.0418235	2.9484419	5.7421371	2.8283360	3.0432472	2.9063173	
Neobenedenia_melleni_JQ038228	2.5504904	2.3919433	2.4052375	2.4273045	2.7697225	3.0556503	2.4458762	6.1864158	2.8239056	0.0000000	3.6104306	1.9785804	2.4598414	2.6743596	5.6540476	2.0658222	2.4221280	2.6777658	
Paradiplozoon_opsariichthydis_MG458327	4.0541118	3.4812331	2.6990542	3.5574184	4.1774703	3.3015076	3.2959668	5.1486840	3.4071641	3.6104306	0.0000000	3.0025447	3.8517432	3.2753852	6.5301191	4.0896714	3.2826259	3.6176248	
Rhabdosynochus_viridisi_MW565922	3.2520420	2.7727616	2.6329467	2.8215096	3.1710546	2.8308378	2.7021711	5.4769928	3.0827797	1.9785804	3.0025447	0.0000000	2.6700744	2.7008535	6.6764658	2.3242109	2.6221252	2.6333939	
Schistocephalus_solidus_AP017669	2.5947776	0.9556523	3.1443689	2.4890028	2.6925996	2.7961797	0.9348305	5.3584606	3.0418235	2.4598414	3.8517432	2.6700744	0.0000000	2.8081643	6.8324751	2.9872370	0.9757857	3.4846753	
Schistosoma_mansoni_AF216698	3.2889909	2.9382197	2.9279507	3.0202381	3.4342143	3.2350459	2.7359944	5.6048854	2.9484419	2.6743596	3.2753852	2.7008535	2.8081643	0.0000000	7.4517699	3.1352567	3.2461989	2.4662333	
Schmidtea_mediterranea_JX398125	7.0029980	5.8979153	4.9370947	6.9868299	6.8287319	6.8149069	5.2150149	3.1914637	5.7421371	5.6540476	6.5301191	6.6764658	6.8324751	7.4517699	0.0000000	7.0499080	5.5403514	6.2755449	
Scutogyrus_longicornis_NC_056186	3.1412854	2.6442789	2.8456646	2.5153157	3.3291151	3.2188962	2.5996372	5.4841367	2.8283360	2.0658222	4.0896714	2.3242109	2.9872370	3.1352567	7.0499080	0.0000000	3.0060063	3.2313847	
Taenia_asiatica_AP017670	2.5771678	0.5609618	2.5776187	2.1805817	3.0737118	2.5624539	0.9108215	5.0044737	3.0432472	2.4221280	3.2826259	2.6221252	0.9757857	3.2461989	5.5403514	3.0060063	0.0000000	3.0438093	
Trichobilharzia_regenti_NC_009680	2.9588540	2.8860435	3.1096474	3.1906189	4.1192686	3.0220868	3.1003255	5.9339445	2.9063173	2.6777658	3.6176248	2.6333939	3.4846753	2.4662333	6.2755449	3.2313847	3.0438093	0.0000000	
