Neobenedenia_melleni_JQ038228	0.0000000	2.1220884	1.9362590	1.3649516	1.6448220	1.7629274	1.5259085	1.5254677	1.1266430	1.6445595	1.5118103	1.4823308	2.4463094	1.3089846	1.8011705	1.8648844	2.4712039	2.7119536	
Schistosoma_mansoni_AF216698	2.1220884	0.0000000	2.2039146	1.8646632	2.1667852	2.2836579	2.1845798	1.9005736	1.8839076	1.6640430	1.9317637	1.9263264	4.9432972	1.9029829	1.9314048	2.4457604	2.1322033	2.8806945	
Clonorchis_sinensis_MT607652	1.9362590	2.2039146	0.0000000	2.0666760	2.1592460	2.0779134	2.2156464	1.9142871	2.3652047	2.0819939	1.9511574	1.8691715	2.9634306	1.8028340	1.1865400	2.3640435	2.3379738	4.3698196	
Eudiplozoon_nipponicum_MW704020	1.3649516	1.8646632	2.0666760	0.0000000	1.2637125	1.3632596	1.9927630	1.5428815	1.4779914	1.5391957	1.7356761	1.7420477	2.4714199	1.4623640	1.5217410	3.3483365	1.4388027	2.7169049	
Microcotyle_sebastis_DQ412044	1.6448220	2.1667852	2.1592460	1.2637125	0.0000000	1.2839460	1.7505263	2.0309236	1.6288434	2.0651617	1.9667304	1.9116218	3.5397360	1.8616730	2.0696764	2.3075804	2.2879157	2.8721180	
Heterobothrium_okamotoi_MK948930	1.7629274	2.2836579	2.0779134	1.3632596	1.2839460	0.0000000	1.7231901	1.8723004	1.7680397	2.1571021	1.7649080	1.9662144	5.4790910	1.8613570	1.7744824	2.1763262	2.2051421	3.3028348	
Schistocephalus_solidus_AP017669	1.5259085	2.1845798	2.2156464	1.9927630	1.7505263	1.7231901	0.0000000	0.9914491	1.5513526	2.0247173	0.9075138	2.0119758	2.9486797	0.8870088	2.0278948	2.2495958	2.1648556	2.7297443	
Echinococcus_multilocularis_AB018440	1.5254677	1.9005736	1.9142871	1.5428815	2.0309236	1.8723004	0.9914491	0.0000000	1.7381538	1.6840123	0.8671670	1.6837607	3.3012710	0.5863130	1.7671816	2.6437390	1.8597554	2.3956720	
Rhabdosynochus_viridisi_MW565922	1.1266430	1.8839076	2.3652047	1.4779914	1.6288434	1.7680397	1.5513526	1.7381538	0.0000000	1.6631058	1.8719277	1.6982273	3.0862919	1.5248669	1.9864865	2.3752814	2.0940138	2.8839498	
Trichobilharzia_regenti_NC_009680	1.6445595	1.6640430	2.0819939	1.5391957	2.0651617	2.1571021	2.0247173	1.6840123	1.6631058	0.0000000	1.8838770	2.0045479	2.7585189	1.6731255	1.9966114	2.7829816	2.0008369	2.7602878	
Hymenolepis_microstoma_LC102493	1.5118103	1.9317637	1.9511574	1.7356761	1.9667304	1.7649080	0.9075138	0.8671670	1.8719277	1.8838770	0.0000000	1.9445660	2.9902564	0.7581657	1.9141364	2.1088620	2.0479781	2.6678923	
Scutogyrus_longicornis_NC_056186	1.4823308	1.9263264	1.8691715	1.7420477	1.9116218	1.9662144	2.0119758	1.6837607	1.6982273	2.0045479	1.9445660	0.0000000	4.1268211	2.0752433	1.8240036	2.6036079	2.2190987	3.0358769	
Schmidtea_mediterranea_JX398125	2.4463094	4.9432972	2.9634306	2.4714199	3.5397360	5.4790910	2.9486797	3.3012710	3.0862919	2.7585189	2.9902564	4.1268211	0.0000000	3.2114029	2.8590965	4.5301209	3.8740540	1.8721575	
Taenia_asiatica_AP017670	1.3089846	1.9029829	1.8028340	1.4623640	1.8616730	1.8613570	0.8870088	0.5863130	1.5248669	1.6731255	0.7581657	2.0752433	3.2114029	0.0000000	1.5412206	2.5450376	1.9486226	2.5332613	
Fasciola_hepatica_AF216697	1.8011705	1.9314048	1.1865400	1.5217410	2.0696764	1.7744824	2.0278948	1.7671816	1.9864865	1.9966114	1.9141364	1.8240036	2.8590965	1.5412206	0.0000000	3.4875802	2.0181524	3.3693712	
Gyrodactylus_salaris_NC_008815	1.8648844	2.4457604	2.3640435	3.3483365	2.3075804	2.1763262	2.2495958	2.6437390	2.3752814	2.7829816	2.1088620	2.6036079	4.5301209	2.5450376	3.4875802	0.0000000	3.6010945	4.1788996	
Paradiplozoon_opsariichthydis_MG458327	2.4712039	2.1322033	2.3379738	1.4388027	2.2879157	2.2051421	2.1648556	1.8597554	2.0940138	2.0008369	2.0479781	2.2190987	3.8740540	1.9486226	2.0181524	3.6010945	0.0000000	3.1712593	
Macrostomum_lignano_NC_035255	2.7119536	2.8806945	4.3698196	2.7169049	2.8721180	3.3028348	2.7297443	2.3956720	2.8839498	2.7602878	2.6678923	3.0358769	1.8721575	2.5332613	3.3693712	4.1788996	3.1712593	0.0000000	
