Gyrodactylus_salaris_NC_008815	0.0000000	3.8325338	4.6863034	5.9107238	5.1586588	8.9999980	3.6421650	3.6983364	5.7593265	2.6869365	3.3462537	3.1706393	5.5383397	4.9984635	3.7626014	3.1039819	8.9999987	3.4871939	
Clonorchis_sinensis_MT607652	3.8325338	0.0000000	4.7251067	4.1478156	2.5778219	4.1823589	2.5296092	2.7030142	0.8993439	1.7212330	2.0977996	2.5846985	1.8453214	2.7244553	1.9180979	1.7134991	4.0965700	3.9359847	
Macrostomum_lignano_NC_035255	4.6863034	4.7251067	0.0000000	3.2895527	3.8174710	5.7433744	3.6105465	4.7124548	4.6711175	3.9992382	3.4741404	5.8772124	5.3714338	3.1704502	5.1427973	4.8324575	4.5772757	4.4174057	
Paradiplozoon_opsariichthydis_MG458327	5.9107238	4.1478156	3.2895527	0.0000000	3.5118946	6.5408860	4.3051609	4.0400513	3.4123758	3.0295820	2.5222247	2.3351389	3.1784705	3.3534249	2.5237287	2.4092389	1.2867793	2.4824579	
Schistosoma_mansoni_AF216698	5.1586588	2.5778219	3.8174710	3.5118946	0.0000000	4.2599273	2.0167330	2.9459386	1.9590003	2.3066942	2.6722568	3.7860611	2.2107956	1.4049899	2.1643183	2.9711760	3.5244076	2.7871584	
Schmidtea_mediterranea_JX398125	8.9999980	4.1823589	5.7433744	6.5408860	4.2599273	0.0000000	4.4879126	3.4782303	5.8248790	4.2030768	4.1042223	8.9999986	2.5345966	3.9989153	3.8206020	2.7029591	4.1102674	7.6566139	
Neobenedenia_melleni_JQ038228	3.6421650	2.5296092	3.6105465	4.3051609	2.0167330	4.4879126	0.0000000	1.5966043	2.6654012	1.6140786	1.6240259	3.3791555	2.3883154	2.5390329	2.4039385	1.6865129	3.5322494	2.6449201	
Rhabdosynochus_viridisi_MW565922	3.6983364	2.7030142	4.7124548	4.0400513	2.9459386	3.4782303	1.5966043	0.0000000	2.7324848	2.3451824	1.6494473	2.9714336	2.1704768	2.2127009	2.2403777	2.1537935	4.1260231	2.8843295	
Fasciola_hepatica_AF216697	5.7593265	0.8993439	4.6711175	3.4123758	1.9590003	5.8248790	2.6654012	2.7324848	0.0000000	1.6175344	2.2348837	3.9564269	1.5045094	2.2234983	1.5866052	1.6726064	2.5517912	3.6782864	
Hymenolepis_microstoma_LC102493	2.6869365	1.7212330	3.9992382	3.0295820	2.3066942	4.2030768	1.6140786	2.3451824	1.6175344	0.0000000	2.0168607	3.4230634	1.1998867	2.7903746	0.8361071	0.9525648	2.3915371	2.3494812	
Scutogyrus_longicornis_NC_056186	3.3462537	2.0977996	3.4741404	2.5222247	2.6722568	4.1042223	1.6240259	1.6494473	2.2348837	2.0168607	0.0000000	5.2140838	1.8730893	2.3093884	1.9963371	1.6221963	3.4923458	2.4177798	
Microcotyle_sebastis_DQ412044	3.1706393	2.5846985	5.8772124	2.3351389	3.7860611	8.9999986	3.3791555	2.9714336	3.9564269	3.4230634	5.2140838	0.0000000	2.5690250	3.2686965	2.8531557	2.6482405	2.1146461	1.5006547	
Echinococcus_multilocularis_AB018440	5.5383397	1.8453214	5.3714338	3.1784705	2.2107956	2.5345966	2.3883154	2.1704768	1.5045094	1.1998867	1.8730893	2.5690250	0.0000000	2.2860647	0.7541161	1.1179273	2.9005138	3.1658865	
Trichobilharzia_regenti_NC_009680	4.9984635	2.7244553	3.1704502	3.3534249	1.4049899	3.9989153	2.5390329	2.2127009	2.2234983	2.7903746	2.3093884	3.2686965	2.2860647	0.0000000	2.2826292	2.0969475	3.1581047	4.0794747	
Taenia_asiatica_AP017670	3.7626014	1.9180979	5.1427973	2.5237287	2.1643183	3.8206020	2.4039385	2.2403777	1.5866052	0.8361071	1.9963371	2.8531557	0.7541161	2.2826292	0.0000000	1.1464256	2.4719862	2.4668675	
Schistocephalus_solidus_AP017669	3.1039819	1.7134991	4.8324575	2.4092389	2.9711760	2.7029591	1.6865129	2.1537935	1.6726064	0.9525648	1.6221963	2.6482405	1.1179273	2.0969475	1.1464256	0.0000000	3.3804423	3.1173556	
Eudiplozoon_nipponicum_MW704020	8.9999987	4.0965700	4.5772757	1.2867793	3.5244076	4.1102674	3.5322494	4.1260231	2.5517912	2.3915371	3.4923458	2.1146461	2.9005138	3.1581047	2.4719862	3.3804423	0.0000000	1.9406653	
Heterobothrium_okamotoi_MK948930	3.4871939	3.9359847	4.4174057	2.4824579	2.7871584	7.6566139	2.6449201	2.8843295	3.6782864	2.3494812	2.4177798	1.5006547	3.1658865	4.0794747	2.4668675	3.1173556	1.9406653	0.0000000	
