Clonorchis_sinensis_MT607652	0.0000000	1.6121005	3.9408916	0.7171171	4.2940629	2.8549775	1.3639156	4.9156539	3.4145286	1.8254039	4.7965318	2.3017580	1.6706327	2.1307213	4.4463193	2.0178365	1.7382314	2.1063018	
Echinococcus_multilocularis_AB018440	1.6121005	0.0000000	2.4362987	1.3464275	3.1674485	2.2829611	0.9172099	5.1218395	2.1561598	1.6970704	2.6395065	1.6534558	0.8414477	2.2968276	3.3920599	1.4996383	0.5596651	2.0927084	
Eudiplozoon_nipponicum_MW704020	3.9408916	2.4362987	0.0000000	3.4295541	4.2614820	1.7213662	2.6020695	5.7713664	1.7233256	2.5014070	1.4474715	3.1408669	2.5767134	4.2877797	5.1460707	3.6072823	2.6761377	3.8544237	
Fasciola_hepatica_AF216697	0.7171171	1.3464275	3.4295541	0.0000000	3.8049327	2.6666813	1.3615535	5.6479007	3.5743944	1.7361850	3.5965446	2.2016126	1.5644138	1.7798105	5.7417552	1.8634372	1.4084072	1.8210345	
Gyrodactylus_salaris_NC_008815	4.2940629	3.1674485	4.2614820	3.8049327	0.0000000	4.2668137	2.9055000	5.3990991	3.4627155	2.6261989	3.8941682	2.9001387	2.4011857	4.2177439	5.1173219	2.7767916	3.1981470	3.2452742	
Heterobothrium_okamotoi_MK948930	2.8549775	2.2829611	1.7213662	2.6666813	4.2668137	0.0000000	1.8488651	4.0954279	1.2652994	2.3732210	2.6747175	2.5060719	2.1524947	2.4195336	4.8092680	2.2824098	2.1870502	2.6296887	
Hymenolepis_microstoma_LC102493	1.3639156	0.9172099	2.6020695	1.3615535	2.9055000	1.8488651	0.0000000	4.5513994	2.4716696	1.7297085	3.1475784	1.8023881	0.5176983	2.1077286	3.4828854	1.6713261	0.6358702	1.8862149	
Macrostomum_lignano_NC_035255	4.9156539	5.1218395	5.7713664	5.6479007	5.3990991	4.0954279	4.5513994	0.0000000	5.1501595	4.9429455	7.1197111	5.0667505	4.6484350	5.7094948	4.4523157	4.2624894	5.4190836	5.3432911	
Microcotyle_sebastis_DQ412044	3.4145286	2.1561598	1.7233256	3.5743944	3.4627155	1.2652994	2.4716696	5.1501595	0.0000000	3.0373583	2.7049393	3.0891033	2.0363823	3.5418525	4.7165673	2.9199102	2.5275365	2.8759672	
Neobenedenia_melleni_JQ038228	1.8254039	1.6970704	2.5014070	1.7361850	2.6261989	2.3732210	1.7297085	4.9429455	3.0373583	0.0000000	2.9782744	1.2508419	1.7514209	2.4560253	3.9330118	1.4816326	1.8928964	1.8145113	
Paradiplozoon_opsariichthydis_MG458327	4.7965318	2.6395065	1.4474715	3.5965446	3.8941682	2.6747175	3.1475784	7.1197111	2.7049393	2.9782744	0.0000000	3.4383683	2.6485511	4.1130272	5.0989725	3.2583358	2.7871437	3.7405735	
Rhabdosynochus_viridisi_MW565922	2.3017580	1.6534558	3.1408669	2.2016126	2.9001387	2.5060719	1.8023881	5.0667505	3.0891033	1.2508419	3.4383683	0.0000000	1.7427001	2.7212099	3.6366846	1.5438388	1.8005846	1.9520300	
Schistocephalus_solidus_AP017669	1.6706327	0.8414477	2.5767134	1.5644138	2.4011857	2.1524947	0.5176983	4.6484350	2.0363823	1.7514209	2.6485511	1.7427001	0.0000000	2.6645775	2.7319477	1.4904305	0.8468065	1.8179132	
Schistosoma_mansoni_AF216698	2.1307213	2.2968276	4.2877797	1.7798105	4.2177439	2.4195336	2.1077286	5.7094948	3.5418525	2.4560253	4.1130272	2.7212099	2.6645775	0.0000000	4.2923511	2.6669258	2.0410195	1.4253601	
Schmidtea_mediterranea_JX398125	4.4463193	3.3920599	5.1460707	5.7417552	5.1173219	4.8092680	3.4828854	4.4523157	4.7165673	3.9330118	5.0989725	3.6366846	2.7319477	4.2923511	0.0000000	4.5971894	3.3436775	4.3534999	
Scutogyrus_longicornis_NC_056186	2.0178365	1.4996383	3.6072823	1.8634372	2.7767916	2.2824098	1.6713261	4.2624894	2.9199102	1.4816326	3.2583358	1.5438388	1.4904305	2.6669258	4.5971894	0.0000000	1.3786478	2.0029926	
Taenia_asiatica_AP017670	1.7382314	0.5596651	2.6761377	1.4084072	3.1981470	2.1870502	0.6358702	5.4190836	2.5275365	1.8928964	2.7871437	1.8005846	0.8468065	2.0410195	3.3436775	1.3786478	0.0000000	2.0137035	
Trichobilharzia_regenti_NC_009680	2.1063018	2.0927084	3.8544237	1.8210345	3.2452742	2.6296887	1.8862149	5.3432911	2.8759672	1.8145113	3.7405735	1.9520300	1.8179132	1.4253601	4.3534999	2.0029926	2.0137035	0.0000000	
